,รายได้รวม,การเติบโตต่อไตรมาส (%),การเติบโตต่อปี (%),กำไรสุทธิ,กำไรต่อหุ้น (EPS),ROA (%),ROE (%),อัตรากำไรขั้นต้น (%),อัตราส่วนการขายและบริหารต่อรายได้ (%),อัตรากำไรสุทธิ (%),หนี้สิน/ทุน (เท่า),วงจรเงินสด (วัน),ราคาล่าสุด (บาท),มูลค่าหลักทรัพย์ตามราคาตลาด (ล้านบาท),P/E (เท่า),P/BV (เท่า),มูลค่าหุ้นทางบัญชีต่อหุ้น (บาท),อัตราส่วนเงินปันผลตอบแทน,EV / EBITDA,Symbol,Market,IndusGroup,BusinessGroup
1Q2555,61.60,-108.09,,-18.59,-0.02,-0.68,-1.43,,,-30.17,1.27,,0.94,893.00,78.23,0.68,1.38,0.00,,AMANAH,SET,FINCIAL,FIN
2Q2555,86.46,,17.55,5.46,0.01,0.18,0.42,,,6.31,1.37,,0.86,817.00,N/A,0.63,1.36,0.00,,AMANAH,SET,FINCIAL,FIN
3Q2555,79.37,268.06,146.51,20.11,0.02,0.65,1.54,,,25.34,1.37,,0.89,845.50,N/A,0.65,1.37,0.00,,AMANAH,SET,FINCIAL,FIN
4Q2555,81.22,-40.57,,7.63,0.01,0.24,0.58,,,9.40,1.44,,0.91,864.50,N/A,0.66,1.39,0.00,,AMANAH,SET,FINCIAL,FIN
1Q2556,77.40,-84.13,,1.80,0.00,0.06,0.14,,,2.33,1.42,,1.00,950.00,64.99,0.72,1.40,2.00,,AMANAH,SET,FINCIAL,FIN
2Q2556,60.32,778.00,204.86,16.78,0.02,0.52,1.26,,,27.82,1.46,,0.91,864.50,24.70,0.65,1.40,2.20,,AMANAH,SET,FINCIAL,FIN
3Q2556,73.38,,,-9.58,-0.01,-0.29,-0.72,,,-13.05,1.48,,0.87,826.50,17.84,0.62,1.40,2.30,,AMANAH,SET,FINCIAL,FIN
4Q2556,68.40,-589.19,,-66.00,-0.07,-2.07,-5.14,,,-96.48,1.49,,0.78,741.00,44.53,0.56,1.39,2.56,,AMANAH,SET,FINCIAL,FIN
1Q2557,69.24,3.56,,-63.20,-0.07,-2.05,-5.19,,,-91.29,1.56,,0.73,693.50,N/A,0.55,1.32,0.00,,AMANAH,SET,FINCIAL,FIN
2Q2557,67.97,62.69,,-23.96,-0.03,-0.79,-2.04,,,-35.25,1.58,,0.82,779.00,N/A,0.66,1.25,0.00,,AMANAH,SET,FINCIAL,FIN
3Q2557,67.47,,,2.19,0.00,0.07,0.19,,,3.25,1.56,,1.05,997.50,N/A,0.86,1.22,0.00,,AMANAH,SET,FINCIAL,FIN
4Q2557,25.60,,-111.73,-139.32,-0.15,-4.94,-12.73,,,-544.15,1.59,,0.85,807.50,N/A,0.69,1.23,0.00,,AMANAH,SET,FINCIAL,FIN
1Q2558,58.51,85.72,68.66,-19.82,-0.02,-0.76,-1.95,,,-33.87,1.52,,1.01,959.50,N/A,0.94,1.08,0.00,,AMANAH,SET,FINCIAL,FIN
2Q2558,53.00,-533.33,-432.00,-126.48,-0.13,-5.12,-13.44,,,-238.63,1.74,,0.90,855.00,N/A,0.85,1.06,0.00,,AMANAH,SET,FINCIAL,FIN
3Q2558,30.65,,23.33,3.51,0.00,0.16,0.40,,,11.46,1.28,,0.73,693.50,N/A,0.79,0.92,0.00,,AMANAH,SET,FINCIAL,FIN
4Q2558,34.86,81.35,,6.37,0.01,0.32,0.72,,,18.27,1.22,,0.67,636.50,N/A,0.72,0.93,0.00,,AMANAH,SET,FINCIAL,FIN
1Q2559,56.05,-50.52,,3.15,0.00,0.16,0.36,,,5.62,1.25,,0.68,646.00,N/A,0.73,0.93,0.00,,AMANAH,SET,FINCIAL,FIN
2Q2559,69.67,-14.16,,2.71,0.00,0.12,0.30,,,3.89,1.67,,0.72,684.00,N/A,0.77,0.93,0.00,,AMANAH,SET,FINCIAL,FIN
3Q2559,87.52,-59.30,-68.65,1.34,0.00,0.05,0.15,,,1.53,1.91,,0.68,646.00,41.03,0.73,0.94,0.00,,AMANAH,SET,FINCIAL,FIN
4Q2559,117.54,"1,854.31",237.85,24.24,0.02,0.92,2.68,,,20.62,1.95,,0.90,855.00,63.00,0.96,0.94,0.00,,AMANAH,SET,FINCIAL,FIN
1Q2560,102.79,-19.98,446.39,17.23,0.02,0.65,1.87,,,16.77,1.77,,2.10,"1,995.00",63.46,2.18,0.96,0.00,,AMANAH,SET,FINCIAL,FIN
2Q2560,109.56,,,-52.24,-0.06,-1.99,-5.77,,,-47.68,2.03,,1.72,"1,634.00",35.90,1.75,0.98,0.00,,AMANAH,SET,FINCIAL,FIN
3Q2560,117.78,,"4,296.55",48.61,0.05,1.79,5.37,,,41.27,1.99,,1.37,"1,303.52",N/A,1.48,0.93,0.00,,AMANAH,SET,FINCIAL,FIN
4Q2560,132.28,-29.41,58.80,33.92,0.04,1.20,3.59,,,25.64,1.99,,1.66,"1,579.45",41.74,1.70,0.98,0.00,,AMANAH,SET,FINCIAL,FIN
1Q2561,143.82,33.33,164.61,45.35,0.05,1.57,4.60,,,31.54,1.88,,1.55,"1,475.88",31.28,1.54,1.00,0.05,,AMANAH,SET,FINCIAL,FIN
2Q2561,141.15,-18.75,,37.87,0.04,1.31,3.69,,,26.83,1.76,,1.82,"1,745.34",23.07,1.73,1.06,0.04,,AMANAH,SET,FINCIAL,FIN
3Q2561,143.33,2.56,-21.57,38.99,0.04,1.33,3.65,,,27.20,1.71,,2.00,"1,923.10",11.60,1.84,1.09,0.04,,AMANAH,SET,FINCIAL,FIN
4Q2561,152.52,7.50,19.44,41.39,0.04,1.37,3.74,,,27.13,1.75,,1.36,"1,307.71",8.38,1.20,1.13,0.06,,AMANAH,SET,FINCIAL,FIN
1Q2562,155.78,18.60,6.25,49.06,0.05,1.58,4.26,,,31.50,1.66,,1.67,"1,606.14",10.47,1.52,1.10,0.42,,AMANAH,SET,FINCIAL,FIN
2Q2562,157.02,7.84,41.03,59.66,0.06,1.91,4.96,,,38.00,1.53,,2.02,"2,072.25",12.39,1.76,1.22,0.34,,AMANAH,SET,FINCIAL,FIN
3Q2562,167.53,21.82,67.50,68.79,0.07,2.16,5.44,,,41.06,1.51,,3.56,"3,659.87",19.35,2.97,1.20,0.19,,AMANAH,SET,FINCIAL,FIN
4Q2562,248.22,0.00,55.81,70.02,0.07,2.06,5.25,,,28.21,1.58,,3.16,"3,248.65",14.84,2.50,1.26,0.22,,AMANAH,SET,FINCIAL,FIN
1Q2563,206.83,4.48,37.25,72.44,0.07,2.04,5.37,,,35.02,1.69,,1.81,"1,862.72",,,,6.14,,AMANAH,SET,FINCIAL,FIN
2Q2563,177.06,-8.57,16.36,65.55,0.06,1.84,4.81,,,37.02,1.56,,2.70,"2,778.64",10.26,2.09,1.29,4.12,,AMANAH,SET,FINCIAL,FIN
3Q2563,199.86,14.06,8.96,75.63,0.07,2.10,5.27,,,37.84,1.46,,2.60,"2,682.47",9.69,1.92,1.35,4.26,,AMANAH,SET,FINCIAL,FIN
4Q2563,193.76,0.00,8.96,77.09,0.07,2.09,5.11,,,39.79,1.43,,3.94,"4,064.97",14.33,2.76,1.43,2.81,,AMANAH,SET,FINCIAL,FIN
1Q2564,189.87,5.27,9.79,79.31,0.08,2.11,5.00,,,41.77,1.30,,6.30,"6,501.57",22.36,4.20,1.50,2.06,,AMANAH,SET,FINCIAL,FIN
2Q2564,197.06,1.69,22.11,80.58,0.08,2.18,5.03,,,40.89,1.31,,5.15,"5,314.78",17.86,3.27,1.58,2.52,,AMANAH,SET,FINCIAL,FIN
3Q2564,196.33,-12.99,-6.85,70.71,0.07,1.92,4.38,,,36.01,1.24,,5.00,"5,178.99",16.57,3.28,1.52,2.59,,AMANAH,SET,FINCIAL,FIN
4Q2564,207.90,13.24,5.48,76.56,0.08,2.05,4.54,,,36.83,1.19,,5.45,"5,645.10",18.35,3.42,1.59,2.38,,AMANAH,SET,FINCIAL,FIN
1Q2565,214.19,-5.95,-5.76,74.76,0.07,1.97,4.25,,,34.90,1.11,,4.98,"5,159.83",,,,3.21,,AMANAH,SET,FINCIAL,FIN
2Q2565,225.22,7.43,-0.45,80.80,0.08,2.09,4.60,,,35.88,1.30,,4.48,"4,641.77",15.34,2.58,1.74,3.57,,AMANAH,SET,FINCIAL,FIN
3Q2565,228.64,-24.45,-13.56,61.43,0.06,1.53,3.52,,,26.87,1.32,,3.90,"4,206.61",13.89,2.46,1.65,3.94,,AMANAH,SET,FINCIAL,FIN
