,รายได้รวม,การเติบโตต่อไตรมาส (%),การเติบโตต่อปี (%),กำไรสุทธิ,กำไรต่อหุ้น (EPS),ROA (%),ROE (%),อัตรากำไรขั้นต้น (%),อัตราส่วนการขายและบริหารต่อรายได้ (%),อัตรากำไรสุทธิ (%),หนี้สิน/ทุน (เท่า),วงจรเงินสด (วัน),ราคาล่าสุด (บาท),มูลค่าหลักทรัพย์ตามราคาตลาด (ล้านบาท),P/E (เท่า),P/BV (เท่า),มูลค่าหุ้นทางบัญชีต่อหุ้น (บาท),อัตราส่วนเงินปันผลตอบแทน,EV / EBITDA,Symbol,Market,IndusGroup,BusinessGroup
1Q2555,249.36,,,26.29,0.09,1.82,2.87,88.72,10.53,10.54,0.69,-266.43,6.65,"1,995.00",22.50,2.24,2.97,6.02,9.87,APCS,SET,PROPCON,CONS
2Q2555,290.38,-11.11,,24.59,0.08,1.53,2.68,89.20,10.99,8.47,0.81,-429.98,5.70,"1,881.00",20.04,2.05,2.77,6.38,12.19,APCS,SET,PROPCON,CONS
3Q2555,285.94,-12.50,-49.87,24.73,0.07,1.52,2.69,89.13,10.81,8.65,0.73,-368.87,5.55,"1,831.50",24.68,2.04,2.72,6.55,11.30,APCS,SET,PROPCON,CONS
4Q2555,247.49,0.00,,21.78,0.07,1.36,2.31,87.19,12.65,8.80,0.67,-225.72,4.68,"1,544.40",21.36,1.67,2.80,7.77,8.11,APCS,SET,PROPCON,CONS
1Q2556,243.82,-85.71,-88.89,2.81,0.01,0.18,0.29,88.27,11.30,1.15,0.66,-6.25,4.78,"1,577.40",15.53,1.67,2.86,3.14,8.83,APCS,SET,PROPCON,CONS
2Q2556,248.01,,,-9.04,-0.03,-0.57,-0.98,89.22,10.60,-3.64,0.80,179.96,4.34,"1,432.20",18.46,1.51,2.87,3.46,9.73,APCS,SET,PROPCON,CONS
3Q2556,255.00,,-97.14,-2.95,0.00,-0.19,-0.33,78.99,9.86,-1.16,0.68,221.36,3.54,"1,168.20",27.18,1.32,2.69,4.24,8.86,APCS,SET,PROPCON,CONS
4Q2556,195.16,,,-9.24,-0.03,-0.63,-1.04,101.50,13.83,-4.73,0.61,195.13,2.50,825.00,52.31,0.93,2.69,6.00,8.61,APCS,SET,PROPCON,CONS
1Q2557,208.93,-87.50,,-19.96,-0.06,-1.43,-2.29,87.68,12.04,-9.55,0.59,149.93,2.18,719.40,N/A,0.82,2.65,0.00,9.06,APCS,SET,PROPCON,CONS
2Q2557,197.98,0.00,-100.00,-21.23,-0.06,-1.59,-2.50,88.13,11.48,-10.73,0.55,140.43,2.32,765.60,N/A,0.89,2.60,0.00,9.80,APCS,SET,PROPCON,CONS
3Q2557,192.66,11.67,,-16.03,-0.05,-1.26,-1.93,88.02,11.77,-8.32,0.51,124.22,2.92,963.60,N/A,1.15,2.54,0.00,13.11,APCS,SET,PROPCON,CONS
4Q2557,199.91,30.19,-15.63,-13.68,-0.04,-1.12,-1.68,88.42,11.08,-6.84,0.50,94.78,2.24,739.20,N/A,0.90,2.49,0.00,11.64,APCS,SET,PROPCON,CONS
1Q2558,217.44,72.97,83.33,-3.49,-0.01,-0.29,-0.43,88.75,11.10,-1.61,0.49,47.22,3.36,"1,108.80",N/A,1.37,2.45,0.00,13.46,APCS,SET,PROPCON,CONS
2Q2558,207.37,,,1.12,0.00,0.09,0.14,89.58,10.33,0.54,0.45,1.44,6.80,"2,244.00",N/A,2.79,2.44,0.00,20.33,APCS,SET,PROPCON,CONS
3Q2558,207.48,666.67,,7.59,0.02,0.66,0.94,88.83,10.90,3.66,0.41,-23.61,7.65,"2,524.50",N/A,3.13,2.44,0.00,19.14,APCS,SET,PROPCON,CONS
4Q2558,189.50,,2.70,-12.71,-0.04,-0.99,-1.30,86.82,12.94,-6.71,0.25,-21.54,5.65,"3,729.00",N/A,4.58,2.47,0.00,25.86,APCS,SET,PROPCON,CONS
1Q2559,251.30,,,7.98,0.01,0.49,0.65,85.89,13.04,3.17,0.40,-25.21,4.82,"3,181.20",N/A,2.79,1.73,0.00,22.18,APCS,SET,PROPCON,CONS
2Q2559,222.14,,,-19.19,-0.02,-1.05,-1.46,81.93,16.70,-8.64,0.39,-66.09,5.55,"3,663.00",N/A,3.21,1.73,0.00,28.57,APCS,SET,PROPCON,CONS
3Q2559,227.26,,-43.48,5.47,0.01,0.30,0.41,87.54,11.93,2.41,0.35,-126.38,4.74,"3,128.40",N/A,2.77,1.71,0.00,24.50,APCS,SET,PROPCON,CONS
4Q2559,290.08,569.23,,52.70,0.09,3.02,3.91,91.28,9.08,18.17,0.24,-198.15,5.55,"3,663.00",N/A,3.22,1.72,0.00,18.35,APCS,SET,PROPCON,CONS
1Q2560,313.07,-24.02,"1,222.00",41.10,0.07,2.36,2.99,89.39,10.46,13.13,0.29,-268.59,7.45,"4,917.00",88.44,4.12,1.81,0.00,20.83,APCS,SET,PROPCON,CONS
2Q2560,363.54,16.04,,48.11,0.08,2.68,3.43,92.07,7.71,13.23,0.27,-335.01,7.50,"4,950.00",51.59,4.07,1.84,0.00,16.19,APCS,SET,PROPCON,CONS
3Q2560,309.71,-34.55,286.15,29.64,0.05,1.60,2.06,89.46,10.41,9.57,0.30,-357.49,6.60,"4,356.00",27.20,3.44,1.92,0.00,13.35,APCS,SET,PROPCON,CONS
4Q2560,300.77,-46.22,-68.97,17.33,0.03,0.92,1.18,86.90,12.87,5.76,0.27,-328.34,6.90,"4,554.00",24.64,3.50,1.97,0.00,15.64,APCS,SET,PROPCON,CONS
1Q2561,395.68,122.22,-9.23,34.25,0.06,1.78,2.30,59.14,40.75,8.66,0.32,-153.93,6.00,"3,960.00",26.69,3.00,2.00,0.00,14.60,APCS,SET,PROPCON,CONS
2Q2561,603.59,50.00,17.34,73.47,0.09,3.22,4.75,113.11,-13.64,12.17,0.62,-628.23,5.15,"3,399.00",24.08,2.50,2.06,0.00,13.57,APCS,SET,PROPCON,CONS
3Q2561,873.25,33.33,139.04,77.32,0.12,2.82,4.75,95.34,4.78,8.85,0.75,-999.21,5.25,"3,465.00",22.55,2.44,2.15,0.00,12.31,APCS,SET,PROPCON,CONS
4Q2561,607.96,-41.67,159.26,39.53,0.07,1.36,2.35,92.14,7.68,6.50,0.70,"-1,316.26",4.78,"3,154.80",15.81,2.10,2.27,0.00,10.20,APCS,SET,PROPCON,CONS
1Q2562,657.93,57.14,83.33,77.26,0.11,2.64,4.45,93.05,6.91,11.74,0.68,"-5,723.74",4.66,"3,075.60",13.89,2.00,2.33,0.00,8.46,APCS,SET,PROPCON,CONS
2Q2562,517.14,-27.27,-11.11,59.66,0.08,1.99,3.32,89.90,8.51,11.54,0.65,"-1,621.72",4.68,"3,088.80",12.12,1.92,2.44,0.00,8.60,APCS,SET,PROPCON,CONS
3Q2562,903.34,37.50,-8.33,70.26,0.11,2.21,3.77,94.38,4.83,7.78,0.76,"-1,654.26",4.00,"2,640.00",10.76,1.59,2.52,0.00,8.23,APCS,SET,PROPCON,CONS
4Q2562,732.27,-45.45,-14.29,45.14,0.06,1.40,2.39,92.66,6.40,6.16,0.67,"-1,569.58",4.40,"2,904.00",12.19,1.67,2.63,2.27,8.56,APCS,SET,PROPCON,CONS
1Q2563,422.66,,,-64.88,-0.09,-2.02,-3.52,76.97,22.98,-15.35,0.82,"-1,060.19",3.70,"2,442.00",,,,1.62,12.21,APCS,SET,PROPCON,CONS
2Q2563,278.90,63.74,,-21.21,-0.03,-0.69,-1.19,81.57,17.94,-7.61,0.66,-869.58,4.64,"3,062.40",28.74,1.86,2.49,1.29,21.13,APCS,SET,PROPCON,CONS
3Q2563,671.68,,-33.90,47.95,0.07,1.52,2.74,92.90,6.64,7.14,0.95,-839.19,5.40,"3,564.00",103.29,2.24,2.41,1.11,35.00,APCS,SET,PROPCON,CONS
4Q2563,764.85,-2.02,18.73,46.98,0.07,1.43,2.66,95.35,4.57,6.14,0.77,-940.75,5.20,"3,432.00",330.01,1.97,2.64,1.15,27.04,APCS,SET,PROPCON,CONS
1Q2564,467.74,70.73,,80.47,0.12,2.49,4.39,,9.94,17.20,0.75,"-1,316.58",4.80,"3,168.00",225.12,1.78,2.70,1.25,12.92,APCS,SET,PROPCON,CONS
2Q2564,511.77,-27.48,,58.35,0.09,1.68,3.10,,8.85,11.40,0.94,,5.80,"3,828.00",24.42,2.05,2.83,1.03,12.06,APCS,SET,PROPCON,CONS
3Q2564,689.79,20.73,46.47,70.18,0.11,1.95,3.64,,6.41,10.17,0.80,,5.25,"3,465.00",14.84,1.84,2.86,1.14,10.10,APCS,SET,PROPCON,CONS
4Q2564,536.57,-97.41,-96.13,1.68,0.00,0.05,0.09,,9.71,0.31,0.81,,5.20,"3,432.00",13.42,1.75,2.97,1.15,12.23,APCS,SET,PROPCON,CONS
1Q2565,807.73,"2,128.26",-49.44,40.64,0.06,1.09,2.05,93.02,6.96,5.03,0.95,,5.50,"3,630.00",,,,1.09,16.87,APCS,SET,PROPCON,CONS
2Q2565,670.10,,,-13.96,-0.02,-0.33,-0.66,93.01,6.90,-2.08,1.04,,5.60,"3,729.00",21.82,1.87,3.02,1.06,22.98,APCS,SET,PROPCON,CONS
3Q2565,597.64,-332.39,,-52.63,-0.09,-1.17,-2.36,90.63,9.18,-8.81,0.98,,4.96,"3,300.00",33.45,1.71,2.92,1.20,48.85,APCS,SET,PROPCON,CONS
