,รายได้รวม,การเติบโตต่อไตรมาส (%),การเติบโตต่อปี (%),กำไรสุทธิ,กำไรต่อหุ้น (EPS),ROA (%),ROE (%),อัตรากำไรขั้นต้น (%),อัตราส่วนการขายและบริหารต่อรายได้ (%),อัตรากำไรสุทธิ (%),หนี้สิน/ทุน (เท่า),วงจรเงินสด (วัน),ราคาล่าสุด (บาท),มูลค่าหลักทรัพย์ตามราคาตลาด (ล้านบาท),P/E (เท่า),P/BV (เท่า),มูลค่าหุ้นทางบัญชีต่อหุ้น (บาท),อัตราส่วนเงินปันผลตอบแทน,EV / EBITDA,Symbol,Market,IndusGroup,BusinessGroup
1Q2555,135.10,-14.75,67.21,-10.79,-0.02,-0.80,-0.81,57.91,32.38,-7.99,0.02,257.20,1.65,775.50,N/A,0.58,2.83,0.00,11.49,FANCY,SET,CONSUMP,HOME
2Q2555,100.92,,,3.81,0.01,0.28,0.29,54.76,37.23,3.77,0.02,269.66,1.74,817.80,N/A,0.62,2.81,0.00,11.45,FANCY,SET,CONSUMP,HOME
3Q2555,100.67,,,-41.73,-0.09,-3.14,-3.20,54.70,38.54,-41.46,0.02,271.82,1.85,869.50,N/A,0.66,2.82,0.00,"-2,556.90",FANCY,SET,CONSUMP,HOME
4Q2555,80.61,47.80,-131.75,-19.91,-0.05,-1.54,-1.57,45.51,47.58,-24.70,0.01,245.60,1.76,827.20,N/A,0.65,2.73,0.00,-62.00,FANCY,SET,CONSUMP,HOME
1Q2556,48.18,-58.17,-219.43,-34.46,-0.07,-2.72,-2.77,12.15,81.74,-71.52,0.03,225.80,1.72,808.40,N/A,0.64,2.68,0.00,-23.41,FANCY,SET,CONSUMP,HOME
2Q2556,79.69,64.97,,-12.23,-0.03,-0.97,-1.00,23.10,69.63,-15.34,0.03,157.34,1.81,850.70,N/A,0.69,2.61,0.00,-12.14,FANCY,SET,CONSUMP,HOME
3Q2556,211.45,,,78.90,0.17,6.07,6.29,1.73,28.70,37.31,0.04,125.77,1.89,888.30,N/A,0.73,2.58,0.00,11.30,FANCY,SET,CONSUMP,HOME
4Q2556,119.41,,76.94,-5.03,-0.01,-0.38,-0.39,57.04,28.30,-4.21,0.04,127.69,1.73,813.10,66.07,0.63,2.75,0.00,8.82,FANCY,SET,CONSUMP,HOME
1Q2557,212.89,,,77.87,0.17,5.63,5.86,24.11,15.07,36.58,0.05,135.31,1.92,902.40,33.19,0.70,2.74,5.21,4.10,FANCY,SET,CONSUMP,HOME
2Q2557,71.82,,-176.01,-33.32,-0.07,-2.42,-2.51,47.50,45.76,-46.39,0.03,179.80,2.22,"1,043.40",7.48,0.76,2.91,4.50,4.69,FANCY,SET,CONSUMP,HOME
3Q2557,120.44,18.67,,-27.09,-0.06,-2.07,-2.13,63.38,33.59,-22.50,0.03,219.93,2.56,"1,203.20",10.16,0.94,2.74,3.91,13.42,FANCY,SET,CONSUMP,HOME
4Q2557,156.16,,,2.83,0.01,0.22,0.22,62.45,24.91,1.81,0.02,217.13,2.02,949.40,76.36,0.75,2.68,4.95,8.79,FANCY,SET,CONSUMP,HOME
1Q2558,92.02,,,-34.10,-0.07,-2.68,-2.74,57.21,36.67,-37.06,0.02,221.90,3.36,"1,579.20",77.82,1.25,2.68,1.49,-48.13,FANCY,SET,CONSUMP,HOME
2Q2558,125.47,66.61,65.82,-11.39,-0.02,-0.91,-0.94,65.21,32.98,-9.08,0.05,293.36,3.80,"1,786.00",N/A,1.46,2.61,1.32,-325.39,FANCY,SET,CONSUMP,HOME
3Q2558,154.60,38.55,74.17,-7.00,-0.01,-0.54,-0.59,69.20,29.88,-4.53,0.10,413.22,3.08,"1,447.60",N/A,1.22,2.53,1.62,66.63,FANCY,SET,CONSUMP,HOME
4Q2558,105.79,-219.14,,-22.34,-0.05,-1.64,-1.87,64.08,34.55,-21.11,0.18,611.85,2.80,"1,316.00",N/A,1.09,2.56,1.79,"-5,838.65",FANCY,SET,CONSUMP,HOME
1Q2559,104.96,6.33,38.66,-21.28,-0.04,-1.32,-1.61,38.32,44.66,-20.27,0.24,873.33,2.66,"1,250.20",N/A,1.06,2.51,0.00,94.28,FANCY,SET,CONSUMP,HOME
2Q2559,130.15,-19.41,-119.36,-32.10,-0.05,-1.75,-2.21,64.64,33.84,-24.66,0.28,"1,234.56",2.54,"1,562.10",N/A,1.07,2.38,0.00,"-1,208.22",FANCY,SET,CONSUMP,HOME
3Q2559,269.75,-47.36,-425.99,-46.85,-0.08,-2.60,-3.32,76.32,22.51,-17.37,0.27,"1,409.36",2.44,"1,500.60",N/A,1.05,2.33,0.00,-45.44,FANCY,SET,CONSUMP,HOME
4Q2559,177.76,18.26,-34.72,-37.60,-0.06,-2.15,-2.75,70.33,27.82,-21.15,0.29,"1,541.31",2.74,"1,685.10",N/A,1.22,2.25,0.00,-37.09,FANCY,SET,CONSUMP,HOME
1Q2560,147.59,-63.03,-134.49,-64.19,-0.10,-3.70,-4.86,62.22,36.30,-43.49,0.34,"1,581.12",2.48,"1,525.20",N/A,1.13,2.19,0.00,-20.11,FANCY,SET,CONSUMP,HOME
2Q2560,286.75,,,40.77,0.07,2.42,3.11,86.61,12.05,14.22,0.23,"1,577.15",2.16,"1,328.40",N/A,1.03,2.10,0.00,-17.79,FANCY,SET,CONSUMP,HOME
3Q2560,152.52,,32.65,-31.68,-0.05,-2.02,-2.41,76.10,22.40,-20.77,0.16,"1,769.65",2.12,"1,303.80",N/A,0.98,2.16,0.00,-19.45,FANCY,SET,CONSUMP,HOME
4Q2560,176.00,4.68,21.46,-31.67,-0.05,-2.16,-2.48,72.91,25.94,-17.99,0.14,"1,734.04",1.73,"1,063.95",N/A,0.82,2.11,0.00,-17.02,FANCY,SET,CONSUMP,HOME
1Q2561,165.55,-90.19,8.37,-58.67,-0.10,-4.15,-4.81,70.76,27.58,-35.44,0.18,"1,733.09",1.22,750.30,N/A,0.60,2.03,0.00,-13.06,FANCY,SET,CONSUMP,HOME
2Q2561,146.70,62.04,,-22.32,-0.04,-1.65,-1.89,78.48,20.80,-15.21,0.11,"1,708.69",0.97,596.55,N/A,0.50,1.94,0.00,-8.08,FANCY,SET,CONSUMP,HOME
3Q2561,82.21,-88.87,-29.97,-42.16,-0.07,-3.28,-3.67,62.26,36.05,-51.28,0.13,"1,676.74",0.90,553.50,N/A,0.47,1.90,0.00,-6.89,FANCY,SET,CONSUMP,HOME
4Q2561,72.23,0.66,-35.46,-41.84,-0.07,-3.39,-3.79,42.34,57.85,-57.92,0.11,"1,640.51",0.64,393.60,N/A,0.35,1.83,0.00,-4.45,FANCY,SET,CONSUMP,HOME
1Q2562,77.83,26.59,47.72,-28.75,-0.05,-2.44,-2.69,58.94,33.08,-36.94,0.10,"1,790.71",0.75,461.25,N/A,0.43,1.76,0.00,-6.77,FANCY,SET,CONSUMP,HOME
2Q2562,79.57,40.00,17.36,-20.11,-0.03,-1.75,-1.93,62.67,35.58,-25.27,0.11,"1,745.17",0.66,405.90,N/A,0.39,1.71,0.00,-6.19,FANCY,SET,CONSUMP,HOME
3Q2562,52.91,-33.33,41.66,-23.95,-0.04,-2.12,-2.34,56.46,38.40,-45.26,0.11,"1,800.73",0.71,436.65,N/A,0.42,1.68,0.00,-8.41,FANCY,SET,CONSUMP,HOME
4Q2562,58.67,25.00,55.95,-19.38,-0.03,-1.74,-1.93,45.80,52.63,-33.03,0.12,"1,908.41",0.58,356.70,N/A,0.35,1.64,0.00,-10.99,FANCY,SET,CONSUMP,HOME
1Q2563,62.89,31.53,58.92,-12.63,-0.02,-1.15,-1.28,71.51,24.50,-20.09,0.11,"2,068.50",0.29,178.35,,,,0.00,-10.04,FANCY,SET,CONSUMP,HOME
2Q2563,68.04,5.79,35.50,-11.90,-0.02,-1.10,-1.22,62.38,34.70,-17.48,0.11,"2,144.09",0.60,369.00,N/A,0.38,1.60,0.00,-23.24,FANCY,SET,CONSUMP,HOME
3Q2563,74.35,30.39,66.33,-8.29,-0.01,-0.78,-0.86,72.00,24.18,-11.14,0.10,"2,181.25",0.46,282.90,N/A,0.29,1.58,0.00,-75.65,FANCY,SET,CONSUMP,HOME
4Q2563,62.07,-71.64,22.93,-14.22,-0.02,-1.37,-1.49,50.12,42.21,-22.91,0.07,"2,286.22",0.63,387.45,N/A,0.40,1.56,0.00,-434.14,FANCY,SET,CONSUMP,HOME
1Q2564,57.20,-3.33,-16.31,-14.70,-0.02,-1.46,-1.56,62.68,33.70,-25.69,0.07,"2,165.26",0.97,596.55,N/A,0.63,1.54,0.00,-141.33,FANCY,SET,CONSUMP,HOME
2Q2564,48.92,-22.69,-51.47,-18.02,-0.03,-1.82,-1.95,41.20,52.80,-36.84,0.07,"1,977.48",1.04,639.60,N/A,0.69,1.52,0.00,-59.48,FANCY,SET,CONSUMP,HOME
3Q2564,61.94,48.21,-12.69,-9.33,-0.02,-0.95,-1.03,65.63,29.40,-15.07,0.08,"1,830.57",1.10,676.50,N/A,0.74,1.49,0.00,-50.74,FANCY,SET,CONSUMP,HOME
4Q2564,52.85,-106.26,-35.42,-19.26,-0.03,-1.99,-2.15,47.62,46.60,-36.44,0.08,"1,716.09",1.11,682.65,N/A,0.75,1.47,0.00,-30.82,FANCY,SET,CONSUMP,HOME
1Q2565,68.40,32.19,11.13,-13.06,-0.02,-1.38,-1.48,68.44,27.39,-19.09,0.07,"1,577.78",1.03,633.45,,,,0.00,-29.13,FANCY,SET,CONSUMP,HOME
2Q2565,69.00,-14.13,17.33,-14.90,-0.02,-1.60,-1.72,69.36,28.91,-21.59,0.08,"1,652.60",0.83,510.45,N/A,0.58,1.42,0.00,-24.84,FANCY,SET,CONSUMP,HOME
3Q2565,60.82,31.08,-10.01,-10.27,-0.02,-1.12,-1.20,66.20,30.98,-16.88,0.07,"1,619.25",0.77,485.85,N/A,0.57,1.40,0.00,-20.96,FANCY,SET,CONSUMP,HOME
