,รายได้รวม,การเติบโตต่อไตรมาส (%),การเติบโตต่อปี (%),กำไรสุทธิ,กำไรต่อหุ้น (EPS),ROA (%),ROE (%),อัตรากำไรขั้นต้น (%),อัตราส่วนการขายและบริหารต่อรายได้ (%),อัตรากำไรสุทธิ (%),หนี้สิน/ทุน (เท่า),วงจรเงินสด (วัน),ราคาล่าสุด (บาท),มูลค่าหลักทรัพย์ตามราคาตลาด (ล้านบาท),P/E (เท่า),P/BV (เท่า),มูลค่าหุ้นทางบัญชีต่อหุ้น (บาท),อัตราส่วนเงินปันผลตอบแทน,EV / EBITDA,Symbol,Market,IndusGroup,BusinessGroup
1Q2555,72.23,200.00,50.00,27.18,0.06,1.05,3.23,,,37.64,2.44,,1.34,629.80,9.28,0.76,1.76,7.46,,IFS,SET,FINCIAL,FIN
2Q2555,78.09,-16.67,25.00,26.37,0.05,0.90,3.12,,,33.77,2.51,,1.55,728.50,9.85,0.85,1.82,6.45,,IFS,SET,FINCIAL,FIN
3Q2555,84.37,20.00,50.00,28.61,0.06,0.92,3.37,,,33.91,2.84,,2.36,"1,109.20",13.37,1.33,1.77,4.24,,IFS,SET,FINCIAL,FIN
4Q2555,89.91,16.67,250.00,29.54,0.07,0.86,3.37,,,32.86,3.01,,2.52,"1,184.40",12.84,1.37,1.84,3.97,,IFS,SET,FINCIAL,FIN
1Q2556,90.50,0.00,16.67,33.46,0.07,0.93,3.68,,,36.97,2.87,,2.82,"1,325.40",11.86,1.49,1.90,4.26,,IFS,SET,FINCIAL,FIN
2Q2556,94.38,0.00,40.00,34.59,0.07,0.96,3.78,,,36.65,3.04,,2.54,"1,193.80",10.12,1.29,1.97,4.72,,IFS,SET,FINCIAL,FIN
3Q2556,97.21,28.57,50.00,38.51,0.09,1.07,4.17,,,39.61,2.79,,2.40,"1,128.00",8.94,1.25,1.92,5.00,,IFS,SET,FINCIAL,FIN
4Q2556,93.33,-55.56,-42.86,18.53,0.04,0.51,1.94,,,19.85,2.79,,2.58,"1,212.60",8.91,1.29,2.00,4.65,,IFS,SET,FINCIAL,FIN
1Q2557,30.84,96.45,12.26,36.93,0.08,1.05,3.76,,,119.76,2.35,,2.32,"1,090.40",8.72,1.13,2.05,5.82,,IFS,SET,FINCIAL,FIN
2Q2557,30.77,-13.46,-2.86,31.96,0.07,0.97,3.24,,,103.87,2.36,,2.62,"1,231.40",9.58,1.23,2.13,5.15,,IFS,SET,FINCIAL,FIN
3Q2557,29.54,4.50,-21.04,33.40,0.07,1.04,3.38,,,113.06,2.15,,2.92,"1,372.40",10.90,1.41,2.06,4.62,,IFS,SET,FINCIAL,FIN
4Q2557,29.69,7.28,90.58,35.82,0.08,1.12,3.51,,,120.65,2.13,,2.94,"1,381.80",11.44,1.38,2.14,4.59,,IFS,SET,FINCIAL,FIN
1Q2558,27.36,-22.18,-24.51,27.88,0.06,0.85,2.65,,,101.90,2.10,,3.56,"1,673.20",12.11,1.61,2.21,4.07,,IFS,SET,FINCIAL,FIN
2Q2558,26.38,1.85,-11.15,28.40,0.06,0.87,2.71,,,107.64,2.15,,3.04,"1,428.80",11.07,1.34,2.27,4.77,,IFS,SET,FINCIAL,FIN
3Q2558,25.26,2.95,-12.47,29.24,0.06,0.92,2.81,,,115.72,1.97,,2.50,"1,175.00",9.36,1.14,2.19,5.80,,IFS,SET,FINCIAL,FIN
4Q2558,25.75,11.53,-9.00,32.60,0.07,0.99,3.04,,,126.63,2.16,,2.58,"1,212.60",9.99,1.15,2.25,5.62,,IFS,SET,FINCIAL,FIN
1Q2559,83.02,0.91,18.00,33.61,0.07,0.98,3.04,,,40.48,2.05,,2.50,"1,175.00",9.95,1.08,2.32,5.53,,IFS,SET,FINCIAL,FIN
2Q2559,-31.35,6.69,23.60,34.39,0.07,0.99,3.11,,,-109.70,2.22,,2.70,"1,269.00",10.25,1.13,2.39,5.12,,IFS,SET,FINCIAL,FIN
3Q2559,25.62,-5.22,13.79,33.27,0.07,0.96,3.00,,,129.84,2.03,,2.62,"1,231.40",9.48,1.13,2.32,5.28,,IFS,SET,FINCIAL,FIN
4Q2559,263.13,5.31,7.45,35.56,0.07,1.00,3.10,,,13.52,2.18,,2.86,"1,344.20",10.04,1.19,2.40,4.84,,IFS,SET,FINCIAL,FIN
1Q2560,25.45,4.76,11.56,36.70,0.08,0.98,3.10,,,144.18,2.16,,3.16,"1,485.20",11.40,1.34,2.36,3.01,,IFS,SET,FINCIAL,FIN
2Q2560,27.03,-6.42,-2.14,37.90,0.07,0.98,3.17,,,140.22,2.33,,3.32,"1,638.42",11.71,1.36,2.56,2.87,,IFS,SET,FINCIAL,FIN
3Q2560,27.68,15.82,19.58,41.77,0.08,1.05,3.44,,,150.88,2.24,,3.56,"1,756.86",12.25,1.47,2.42,2.68,,IFS,SET,FINCIAL,FIN
4Q2560,28.09,-16.03,-4.66,35.07,0.07,0.86,2.80,,,124.84,2.25,,3.70,"1,825.95",12.02,1.48,2.50,2.57,,IFS,SET,FINCIAL,FIN
1Q2561,28.81,7.88,-1.82,37.84,0.08,0.89,2.93,,,131.33,2.33,,3.14,"1,549.59",10.23,1.22,2.58,4.84,,IFS,SET,FINCIAL,FIN
2Q2561,30.42,9.40,14.78,41.40,0.08,0.96,3.20,,,136.10,2.37,,2.82,"1,391.67",9.12,1.06,2.66,5.39,,IFS,SET,FINCIAL,FIN
3Q2561,30.51,16.58,15.54,48.26,0.10,1.13,3.71,,,158.16,2.20,,3.12,"1,539.72",9.87,1.21,2.59,4.87,,IFS,SET,FINCIAL,FIN
4Q2561,30.83,-19.74,10.44,38.73,0.08,0.91,2.88,,,125.63,2.14,,3.00,"1,480.50",9.11,1.12,2.69,5.07,,IFS,SET,FINCIAL,FIN
1Q2562,29.88,18.86,21.68,46.04,0.09,1.09,3.32,,,154.08,1.94,,3.02,"1,490.37",8.97,1.09,2.76,5.63,,IFS,SET,FINCIAL,FIN
2Q2562,31.25,98.59,120.86,91.43,0.19,2.19,6.47,,,292.58,1.97,,3.32,"1,638.42",9.39,1.16,2.86,5.12,,IFS,SET,FINCIAL,FIN
3Q2562,30.99,-52.91,-10.80,43.04,0.09,1.06,2.99,,,138.90,1.67,,3.50,"1,727.25",7.70,1.22,2.87,4.86,,IFS,SET,FINCIAL,FIN
4Q2562,380.81,18.62,31.83,51.06,0.10,1.28,3.44,,,13.41,1.72,,3.14,"1,549.59",7.07,1.06,2.96,5.41,,IFS,SET,FINCIAL,FIN
1Q2563,110.05,-4.61,5.80,48.71,0.10,1.21,3.17,,,44.26,1.53,,1.87,922.84,,,,12.57,,IFS,SET,FINCIAL,FIN
2Q2563,95.08,-31.06,-63.27,33.58,0.07,0.95,2.21,,,35.32,1.11,,2.44,"1,204.14",5.14,0.77,3.16,9.63,,IFS,SET,FINCIAL,FIN
3Q2563,82.62,-49.49,-60.60,16.96,0.03,0.55,1.14,,,20.53,1.03,,2.38,"1,174.53",6.66,0.80,2.99,9.87,,IFS,SET,FINCIAL,FIN
4Q2563,86.99,102.62,-32.70,34.37,0.07,1.06,2.28,,,39.51,1.26,,2.52,"1,243.62",8.27,0.83,3.02,9.33,,IFS,SET,FINCIAL,FIN
1Q2564,92.16,3.23,-27.16,35.48,0.07,1.02,2.30,,,38.50,1.23,,2.76,"1,362.06",10.19,0.89,3.10,5.07,,IFS,SET,FINCIAL,FIN
2Q2564,96.26,0.88,6.58,35.79,0.07,1.01,2.31,,,37.18,1.34,,2.66,"1,312.71",10.90,0.84,3.17,5.26,,IFS,SET,FINCIAL,FIN
3Q2564,95.45,5.67,122.96,37.82,0.08,1.06,2.44,,,39.62,1.27,,2.58,"1,273.23",10.39,0.83,3.10,5.43,,IFS,SET,FINCIAL,FIN
1Q2565,101.45,12.72,20.16,42.63,0.09,1.17,2.65,,,42.02,1.26,,3.12,"1,539.72",,,,5.06,,IFS,SET,FINCIAL,FIN
2Q2565,109.20,-13.15,3.45,37.02,0.08,0.97,2.27,,,33.91,1.41,,2.96,"1,460.76",9.13,0.88,3.35,5.34,,IFS,SET,FINCIAL,FIN
3Q2565,107.46,10.69,8.36,40.98,0.08,1.08,2.51,,,38.14,1.25,,2.78,"1,401.54",8.69,0.87,3.27,5.56,,IFS,SET,FINCIAL,FIN
