,รายได้รวม,การเติบโตต่อไตรมาส (%),การเติบโตต่อปี (%),กำไรสุทธิ,กำไรต่อหุ้น (EPS),ROA (%),ROE (%),อัตรากำไรขั้นต้น (%),อัตราส่วนการขายและบริหารต่อรายได้ (%),อัตรากำไรสุทธิ (%),หนี้สิน/ทุน (เท่า),วงจรเงินสด (วัน),ราคาล่าสุด (บาท),มูลค่าหลักทรัพย์ตามราคาตลาด (ล้านบาท),P/E (เท่า),P/BV (เท่า),มูลค่าหุ้นทางบัญชีต่อหุ้น (บาท),อัตราส่วนเงินปันผลตอบแทน,EV / EBITDA,Symbol,Market,IndusGroup,BusinessGroup
1Q2555,228.53,"-1,233.33",-300.00,-17.68,-0.08,-1.55,-4.17,80.20,19.64,-7.74,1.62,749.96,4.46,"1,003.50",N/A,2.32,1.92,0.00,42.48,KASET,mai,AGRO,-
2Q2555,240.22,-100.00,-700.00,-37.32,-0.16,-3.62,-9.41,80.08,19.45,-15.54,1.57,727.01,3.78,850.50,N/A,2.05,1.85,0.00,171.49,KASET,mai,AGRO,-
3Q2555,256.46,-20.63,"-2,657.14",-42.34,-0.19,-4.62,-11.87,57.58,42.37,-16.51,1.56,553.02,3.94,886.50,N/A,2.35,1.68,0.00,-45.52,KASET,mai,AGRO,-
4Q2555,248.13,27.98,"-2,216.67",-31.25,-0.14,-3.80,-9.77,104.13,-4.47,-12.60,1.57,706.82,3.30,742.50,N/A,2.21,1.49,0.00,-17.87,KASET,mai,AGRO,-
1Q2556,235.00,64.03,37.50,-12.19,-0.05,-1.61,-4.14,83.61,16.31,-5.19,1.56,610.01,3.06,688.50,N/A,2.26,1.35,0.00,-16.59,KASET,mai,AGRO,-
2Q2556,259.41,20.00,75.00,-8.12,-0.04,-1.13,-2.89,87.05,12.83,-3.13,1.57,559.14,2.02,454.50,N/A,1.60,1.27,0.00,-19.73,KASET,mai,AGRO,-
3Q2556,276.08,0.00,79.27,-8.42,-0.04,-1.19,-3.09,87.10,12.66,-3.05,1.61,863.89,1.86,418.50,N/A,1.51,1.23,0.00,-51.99,KASET,mai,AGRO,-
4Q2556,306.22,-125.00,35.25,-19.68,-0.09,-2.82,-7.61,82.63,15.05,-6.43,1.80,530.06,1.74,391.50,N/A,1.46,1.19,0.00,-89.42,KASET,mai,AGRO,-
1Q2557,282.70,33.33,-20.00,-13.45,-0.06,-1.93,-5.56,86.86,13.13,-4.76,1.98,550.81,1.80,405.00,N/A,1.63,1.11,0.00,-77.36,KASET,mai,AGRO,-
2Q2557,293.39,-66.67,-150.00,-22.69,-0.10,-3.43,-10.14,84.91,15.04,-7.73,1.92,495.28,2.26,508.50,N/A,2.16,1.05,0.00,-35.29,KASET,mai,AGRO,-
3Q2557,286.26,20.00,-100.00,-17.65,-0.08,-2.88,-8.67,82.05,17.78,-6.17,2.10,428.90,3.14,706.50,N/A,3.33,0.94,0.00,-30.43,KASET,mai,AGRO,-
4Q2557,288.50,25.00,33.33,-13.92,-0.06,-2.18,-6.03,85.24,13.75,-4.82,1.53,395.61,2.66,680.14,N/A,3.49,0.87,0.00,-33.55,KASET,mai,AGRO,-
1Q2558,285.18,,,5.30,0.02,0.81,1.97,87.51,12.28,1.86,1.36,345.65,3.10,792.64,N/A,2.97,1.04,0.00,-70.67,KASET,mai,AGRO,-
2Q2558,290.19,-50.00,,1.43,0.01,0.23,0.47,88.03,11.75,0.49,0.83,348.13,3.24,900.72,N/A,3.31,1.06,0.00,250.44,KASET,mai,AGRO,-
3Q2558,269.95,,25.00,-14.70,-0.06,-2.40,-4.46,86.73,13.25,-5.44,0.88,352.22,3.30,917.40,N/A,2.72,1.21,0.00,270.33,KASET,mai,AGRO,-
4Q2558,323.97,,,8.79,0.03,1.27,2.61,89.02,10.78,2.71,1.22,423.98,2.90,806.20,N/A,2.50,1.16,0.00,48.95,KASET,mai,AGRO,-
1Q2559,301.66,,,-2.60,-0.01,-0.34,-0.75,88.03,11.90,-0.86,1.24,514.77,2.74,761.72,928.62,2.18,1.26,0.00,74.85,KASET,mai,AGRO,-
2Q2559,316.92,-100.00,,-4.46,-0.02,-0.59,-1.30,88.90,11.07,-1.41,1.18,567.46,2.50,695.00,N/A,2.00,1.25,0.00,109.59,KASET,mai,AGRO,-
3Q2559,319.87,,,-2.11,0.00,-0.30,-0.62,87.86,11.74,-0.66,0.93,586.00,2.94,817.32,N/A,2.39,1.23,0.00,48.73,KASET,mai,AGRO,-
4Q2559,358.81,,,-0.99,-0.01,-0.15,-0.29,88.67,11.12,-0.28,1.04,542.14,2.82,783.96,N/A,2.30,1.22,0.00,86.71,KASET,mai,AGRO,-
1Q2560,328.47,,,2.06,0.01,0.29,0.60,87.43,12.38,0.63,1.12,447.28,2.76,767.28,N/A,2.26,1.22,0.00,63.44,KASET,mai,AGRO,-
2Q2560,337.13,,49.00,-2.12,-0.01,-0.31,-0.62,87.62,12.31,-0.63,0.93,372.79,2.78,772.84,N/A,2.26,1.23,0.00,54.80,KASET,mai,AGRO,-
3Q2560,308.03,,,6.51,0.02,1.05,1.90,87.16,12.58,2.12,0.68,327.24,2.64,733.92,N/A,2.16,1.22,0.00,34.34,KASET,mai,AGRO,-
4Q2560,352.38,-26.72,,3.76,0.02,0.58,1.08,87.86,12.10,1.07,1.04,296.47,2.32,644.96,117.88,1.86,1.25,0.00,31.16,KASET,mai,AGRO,-
1Q2561,320.69,17.65,100.00,6.45,0.02,0.85,1.82,87.53,12.33,2.01,1.25,352.11,2.46,683.88,66.91,1.95,1.26,0.00,30.30,KASET,mai,AGRO,-
2Q2561,304.16,50.00,,7.38,0.03,0.95,2.04,88.64,10.95,2.43,1.04,433.97,2.14,594.92,40.73,1.66,1.29,0.00,22.74,KASET,mai,AGRO,-
3Q2561,261.22,-76.67,-69.83,2.01,0.01,0.28,0.55,87.18,12.58,0.77,0.84,525.80,2.20,611.60,25.37,1.68,1.31,0.00,24.67,KASET,mai,AGRO,-
4Q2561,290.02,-57.14,-82.35,0.10,0.00,0.01,0.03,88.51,10.89,0.04,1.01,618.71,1.82,505.96,25.82,1.38,1.32,0.00,25.70,KASET,mai,AGRO,-
1Q2562,249.13,66.67,-75.00,1.28,0.01,0.18,0.35,87.85,12.14,0.51,0.87,616.25,1.93,536.54,33.66,1.46,1.32,2.07,29.12,KASET,mai,AGRO,-
2Q2562,274.72,,,-3.21,-0.01,-0.49,-0.89,89.48,10.50,-1.17,0.76,520.98,1.86,517.08,48.00,1.40,1.32,2.15,42.16,KASET,mai,AGRO,-
3Q2562,170.53,-216.67,,-10.58,-0.04,-1.81,-3.03,82.98,16.90,-6.20,0.58,444.56,1.74,483.72,"2,688.23",1.37,1.27,2.30,66.83,KASET,mai,AGRO,-
4Q2562,173.29,-71.05,,-18.55,-0.07,-3.13,-5.55,79.38,20.50,-10.70,0.97,380.19,1.21,336.38,N/A,0.98,1.24,3.31,-66.16,KASET,mai,AGRO,-
1Q2563,172.98,,-20.00,1.01,0.00,0.16,0.31,84.41,15.40,0.58,1.00,353.56,0.95,264.10,N/A,0.81,1.17,0.00,-66.57,KASET,mai,AGRO,-
2Q2563,187.61,,65.83,-1.05,-0.00,-0.16,-0.32,85.27,14.65,-0.56,1.04,373.69,1.44,400.32,N/A,1.23,1.17,0.00,-294.92,KASET,mai,AGRO,-
3Q2563,121.59,-848.78,-2.37,-10.71,-0.04,-1.74,-3.36,82.41,17.02,-8.81,0.83,414.24,1.52,422.56,N/A,1.30,1.17,0.00,-159.62,KASET,mai,AGRO,-
4Q2563,129.03,-31.11,21.54,-12.84,-0.05,-2.14,-4.18,78.51,20.97,-9.95,1.09,436.99,1.07,297.46,N/A,0.95,1.13,0.00,227.06,KASET,mai,AGRO,-
1Q2564,115.46,-51.96,,-21.55,-0.08,-3.40,-7.44,72.24,27.68,-18.66,1.29,423.61,1.46,405.88,N/A,1.35,1.08,0.00,-42.06,KASET,mai,AGRO,-
2Q2564,130.98,38.50,"-1,062.44",-13.25,-0.05,-2.11,-4.83,72.10,27.85,-10.12,1.29,406.97,1.77,492.06,N/A,1.77,1.00,0.00,-25.12,KASET,mai,AGRO,-
3Q2564,131.22,-19.83,-46.81,-15.88,-0.06,-2.58,-6.06,70.16,29.14,-12.10,1.42,364.46,1.75,486.50,N/A,1.80,0.97,0.00,-23.39,KASET,mai,AGRO,-
4Q2564,160.02,-15.51,-29.35,-18.34,-0.07,-2.86,-7.48,75.09,24.62,-11.46,1.83,294.75,1.68,467.04,N/A,1.84,0.91,0.00,-22.41,KASET,mai,AGRO,-
1Q2565,123.85,17.95,30.15,-15.05,-0.05,-2.25,-6.57,67.57,31.13,-12.15,2.01,249.36,1.79,497.62,N/A,2.10,0.85,0.00,-25.94,KASET,mai,AGRO,-
2Q2565,125.48,33.09,24.00,-10.07,-0.04,-1.53,-4.67,71.55,25.54,-8.02,2.08,243.79,1.90,530.98,N/A,2.40,0.80,0.00,-32.72,KASET,mai,AGRO,-
3Q2565,104.01,-39.76,11.36,-14.07,-0.05,-2.15,-5.35,68.96,28.07,-13.53,1.09,249.21,1.89,533.76,N/A,2.55,0.75,0.00,-31.40,KASET,mai,AGRO,-
