,รายได้รวม,การเติบโตต่อไตรมาส (%),การเติบโตต่อปี (%),กำไรสุทธิ,กำไรต่อหุ้น (EPS),ROA (%),ROE (%),อัตรากำไรขั้นต้น (%),อัตราส่วนการขายและบริหารต่อรายได้ (%),อัตรากำไรสุทธิ (%),หนี้สิน/ทุน (เท่า),วงจรเงินสด (วัน),ราคาล่าสุด (บาท),มูลค่าหลักทรัพย์ตามราคาตลาด (ล้านบาท),P/E (เท่า),P/BV (เท่า),มูลค่าหุ้นทางบัญชีต่อหุ้น (บาท),อัตราส่วนเงินปันผลตอบแทน,EV / EBITDA,Symbol,Market,IndusGroup,BusinessGroup
1Q2555,71.31,-99.98,,0.01,0.00,0.00,0.00,70.33,26.22,0.01,0.13,-47.22,40.00,600.00,17.14,2.18,18.36,5.00,12.22,KDH,SET,SERVICE,HELTH
2Q2555,70.14,,10.67,-1.17,-0.08,-0.39,-0.45,69.66,26.62,-1.67,0.15,-36.18,40.00,600.00,14.77,2.18,18.36,5.00,13.46,KDH,SET,SERVICE,HELTH
3Q2555,79.11,,0.00,4.30,0.29,1.51,1.75,76.23,20.48,5.44,0.15,-33.46,45.25,678.75,16.69,2.78,16.28,4.42,14.56,KDH,SET,SERVICE,HELTH
4Q2555,83.05,134.48,-72.80,10.14,0.68,3.42,4.01,86.88,11.17,12.21,0.19,-42.66,46.50,697.50,17.16,2.81,16.57,4.30,18.69,KDH,SET,SERVICE,HELTH
1Q2556,79.75,,,-1.94,-0.13,-0.63,-0.75,65.63,31.53,-2.43,0.20,-44.19,63.50,952.50,71.71,3.71,17.13,0.00,27.68,KDH,SET,SERVICE,HELTH
2Q2556,79.91,-784.50,"-1,319.15",-17.11,-1.14,-5.68,-6.89,56.31,41.89,-21.41,0.22,-39.42,81.00,"1,215.00",107.13,4.73,17.13,0.00,62.30,KDH,SET,SERVICE,HELTH
3Q2556,83.86,-13.94,,-19.56,-1.30,-6.73,-8.50,56.52,42.67,-23.33,0.31,-40.10,81.50,"1,222.50",N/A,5.10,15.99,0.00,-205.28,KDH,SET,SERVICE,HELTH
4Q2556,84.68,0.00,,-21.67,-1.30,-4.47,-5.64,53.57,44.92,-25.59,0.24,-69.43,78.50,"1,521.66",N/A,6.91,14.68,0.00,-32.80,KDH,SET,SERVICE,HELTH
1Q2557,95.11,91.31,12.40,-2.20,-0.11,-0.33,-0.40,73.84,24.35,-2.31,0.22,-106.66,0.00,"1,570.12",N/A,2.86,28.28,0.00,-36.79,KDH,SET,SERVICE,HELTH
2Q2557,79.77,-605.31,30.15,-15.45,-0.80,-2.38,-2.87,68.13,28.78,-19.37,0.19,-137.67,88.00,"1,705.81",N/A,3.12,28.16,0.00,-45.11,KDH,SET,SERVICE,HELTH
3Q2557,89.56,23.46,53.08,-11.72,-0.61,-1.85,-2.24,68.43,29.01,-13.09,0.22,-166.95,90.00,"1,744.58",N/A,3.29,27.36,0.00,-73.09,KDH,SET,SERVICE,HELTH
4Q2557,90.16,74.45,88.01,-3.11,-0.16,-0.49,-0.60,72.79,24.63,-3.45,0.25,-179.22,80.50,"1,560.43",N/A,3.01,26.76,0.00,"-1,150.93",KDH,SET,SERVICE,HELTH
1Q2558,86.99,-147.63,-241.49,-7.48,-0.39,-1.13,-1.46,75.43,22.94,-8.60,0.35,-181.49,91.75,"1,778.50",N/A,3.45,26.60,0.00,-535.80,KDH,SET,SERVICE,HELTH
2Q2558,97.42,32.74,67.44,-5.03,-0.26,-0.73,-1.00,74.64,23.80,-5.16,0.37,-190.43,88.00,"1,705.81",N/A,3.36,26.21,0.00,197.18,KDH,SET,SERVICE,HELTH
3Q2558,125.88,-113.68,9.09,-10.65,-0.55,-1.55,-2.14,67.27,31.39,-8.46,0.39,-171.77,84.00,"1,628.27",N/A,3.24,25.95,0.00,87.79,KDH,SET,SERVICE,HELTH
4Q2558,140.09,-89.33,-573.81,-20.48,-1.05,-3.05,-4.23,67.94,30.07,-14.62,0.38,-130.55,80.50,"1,560.43",N/A,3.17,25.40,0.00,56.71,KDH,SET,SERVICE,HELTH
1Q2559,141.43,65.71,6.71,-7.07,-0.36,-1.09,-1.50,69.41,28.98,-5.00,0.38,-94.01,107.00,"2,074.11",N/A,4.37,24.51,0.00,55.83,KDH,SET,SERVICE,HELTH
2Q2559,146.09,-22.22,-69.53,-8.35,-0.44,-1.30,-1.80,66.75,31.22,-5.72,0.38,-69.50,114.50,"2,219.49",N/A,4.74,24.14,0.00,51.74,KDH,SET,SERVICE,HELTH
3Q2559,161.15,38.64,51.31,-5.41,-0.27,-0.85,-1.18,68.47,30.27,-3.36,0.41,-57.84,0.00,"1,957.81",N/A,4.26,23.71,0.00,41.15,KDH,SET,SERVICE,HELTH
4Q2559,177.79,27.91,81.46,-3.69,-0.19,-0.58,-0.81,66.43,31.95,-2.07,0.40,-50.19,0.00,"1,826.96",N/A,4.02,23.43,0.00,38.38,KDH,SET,SERVICE,HELTH
1Q2560,150.24,-146.60,-33.33,-9.32,-0.48,-1.51,-2.09,67.60,31.00,-6.21,0.36,-45.14,110.50,"2,141.96",N/A,4.75,23.24,0.00,45.65,KDH,SET,SERVICE,HELTH
2Q2560,155.54,-100.00,-118.18,-18.54,-0.96,-3.13,-4.29,62.16,36.17,-11.92,0.38,-40.85,98.00,"1,899.65",N/A,4.31,22.76,0.00,52.03,KDH,SET,SERVICE,HELTH
3Q2560,189.71,,,5.91,0.31,1.00,1.39,69.01,29.92,3.11,0.39,-37.06,90.75,"1,759.12",N/A,4.16,21.81,0.00,37.50,KDH,SET,SERVICE,HELTH
4Q2560,190.10,,89.73,-0.24,-0.02,-0.04,-0.06,66.69,31.83,-0.13,0.39,-34.16,0.00,"1,812.43",N/A,4.23,22.11,0.00,36.82,KDH,SET,SERVICE,HELTH
1Q2561,182.75,,,1.83,0.09,0.31,0.43,70.23,28.63,1.00,0.39,-35.19,92.00,"1,783.35",N/A,4.16,22.10,0.00,29.87,KDH,SET,SERVICE,HELTH
2Q2561,177.60,0.00,,1.72,0.09,0.29,0.40,70.29,28.11,0.97,0.36,-35.21,94.50,"1,831.81",N/A,4.26,22.19,0.00,23.00,KDH,SET,SERVICE,HELTH
3Q2561,207.73,608.12,105.58,12.29,0.64,2.05,2.81,72.87,25.78,5.92,0.38,-33.78,97.00,"1,880.27",204.13,4.35,22.28,0.00,21.69,KDH,SET,SERVICE,HELTH
4Q2561,209.20,23.58,,15.27,0.79,2.46,3.39,69.38,29.21,7.30,0.38,-31.69,0.00,"1,822.12",116.82,4.10,22.92,0.00,21.86,KDH,SET,SERVICE,HELTH
1Q2562,211.13,-69.53,166.67,4.68,0.24,0.74,1.02,71.56,26.93,2.22,0.40,-32.80,95.50,"1,851.19",59.50,4.06,23.51,0.00,21.50,KDH,SET,SERVICE,HELTH
2Q2562,224.99,13.62,202.98,5.26,0.27,0.85,1.14,70.94,27.88,2.34,0.27,-34.03,94.75,"1,836.66",54.09,3.99,23.75,0.00,20.09,KDH,SET,SERVICE,HELTH
3Q2562,261.75,158.34,10.53,13.65,0.70,2.23,2.89,72.31,26.33,5.22,0.31,-35.26,0.00,"1,739.73",46.39,3.74,24.02,0.00,17.96,KDH,SET,SERVICE,HELTH
4Q2562,261.43,-91.12,-92.06,1.21,0.06,0.19,0.25,67.88,30.45,0.46,0.30,-37.68,0.00,"1,763.96",45.39,3.68,24.73,0.00,17.50,KDH,SET,SERVICE,HELTH
1Q2563,229.38,338.18,14.18,5.31,0.27,0.85,1.11,73.43,25.53,2.32,0.30,-38.86,64.00,"1,240.59",,,,0.00,11.99,KDH,SET,SERVICE,HELTH
2Q2563,128.54,,,-1.71,-0.09,-0.28,-0.36,76.86,20.65,-1.33,0.21,-44.15,100.00,"1,938.42",76.20,4.02,24.85,0.00,19.95,KDH,SET,SERVICE,HELTH
3Q2563,161.31,-903.58,,-17.16,-0.89,-2.95,-3.64,63.59,35.20,-10.64,0.26,-43.53,85.00,"1,647.66",89.21,3.43,24.76,0.00,25.24,KDH,SET,SERVICE,HELTH
4Q2563,179.22,,277.01,4.57,0.24,0.78,0.98,77.72,20.87,2.55,0.25,-50.43,0.00,"1,647.66",N/A,3.56,23.88,0.00,21.91,KDH,SET,SERVICE,HELTH
1Q2564,156.89,-34.18,-43.37,3.01,0.16,0.52,0.64,77.93,20.55,1.92,0.22,-51.98,83.00,"1,608.89",N/A,3.44,24.11,0.00,22.17,KDH,SET,SERVICE,HELTH
2Q2564,204.66,178.28,,8.37,0.43,1.42,1.76,73.87,25.16,4.09,0.25,-47.72,0.00,"1,667.04",N/A,3.54,24.27,0.00,29.18,KDH,SET,SERVICE,HELTH
3Q2564,192.65,82.91,,15.31,0.79,2.50,3.15,78.93,19.74,7.95,0.27,-53.33,85.00,"1,647.66",N/A,3.44,24.70,0.00,15.12,KDH,SET,SERVICE,HELTH
4Q2564,206.98,-27.84,141.73,11.05,0.57,1.73,2.21,77.21,21.48,5.34,0.29,-54.05,0.00,"1,608.89",51.47,3.26,25.49,0.00,14.31,KDH,SET,SERVICE,HELTH
1Q2565,233.84,139.14,778.35,26.42,1.36,3.81,4.96,76.73,22.15,11.30,0.32,-54.71,0.00,"1,502.28",,,,0.00,10.67,KDH,SET,SERVICE,HELTH
2Q2565,258.12,-25.36,135.58,19.72,1.02,2.63,3.47,72.45,26.33,7.64,0.32,-52.46,79.00,"1,531.35",25.04,2.74,28.79,0.00,8.85,KDH,SET,SERVICE,HELTH
3Q2565,302.56,64.70,112.13,32.48,1.68,4.12,5.47,70.74,26.95,10.73,0.33,-48.12,87.50,"1,700.97",23.46,2.94,29.81,0.00,9.36,KDH,SET,SERVICE,HELTH
