,รายได้รวม,การเติบโตต่อไตรมาส (%),การเติบโตต่อปี (%),กำไรสุทธิ,กำไรต่อหุ้น (EPS),ROA (%),ROE (%),อัตรากำไรขั้นต้น (%),อัตราส่วนการขายและบริหารต่อรายได้ (%),อัตรากำไรสุทธิ (%),หนี้สิน/ทุน (เท่า),วงจรเงินสด (วัน),ราคาล่าสุด (บาท),มูลค่าหลักทรัพย์ตามราคาตลาด (ล้านบาท),P/E (เท่า),P/BV (เท่า),มูลค่าหุ้นทางบัญชีต่อหุ้น (บาท),อัตราส่วนเงินปันผลตอบแทน,EV / EBITDA,Symbol,Market,IndusGroup,BusinessGroup
1Q2555,982.42,-8.33,37.50,89.69,0.11,3.45,3.84,93.32,5.61,9.13,0.08,969.61,3.92,"3,034.25",9.89,1.34,2.93,5.36,5.48,LEE,SET,AGRO,AGRI
2Q2555,"1,023.08",9.09,50.00,80.98,0.12,3.45,3.84,93.18,5.17,7.92,0.15,926.61,3.64,"2,817.52",7.28,1.04,3.04,6.63,5.52,LEE,SET,AGRO,AGRI
3Q2555,"1,031.61",-25.00,-30.77,65.06,0.09,3.02,3.49,93.80,5.39,6.31,0.16,896.70,3.78,"2,976.94",7.37,1.44,2.63,6.25,6.53,LEE,SET,AGRO,AGRI
4Q2555,"1,080.53",-33.33,-50.00,40.64,0.06,1.73,1.99,94.20,4.87,3.76,0.14,914.99,3.66,"2,882.43",8.96,1.54,2.72,5.64,6.90,LEE,SET,AGRO,AGRI
1Q2556,908.74,-50.00,-72.73,20.99,0.03,0.85,0.97,92.74,6.26,2.31,0.13,888.20,3.32,"2,568.45",9.45,1.19,2.79,6.33,7.94,LEE,SET,AGRO,AGRI
2Q2556,"1,012.26",144.70,-38.83,63.51,0.07,2.47,2.77,93.27,5.55,6.27,0.12,919.16,2.76,"2,545.22",12.41,1.19,2.75,6.38,6.89,LEE,SET,AGRO,AGRI
3Q2556,"1,118.41",31.58,7.32,89.33,0.10,3.21,3.62,93.70,5.31,7.99,0.14,845.86,2.72,"2,508.33",13.33,1.04,2.60,6.48,6.38,LEE,SET,AGRO,AGRI
4Q2556,954.61,-27.60,16.55,63.66,0.07,2.21,2.50,93.48,5.29,6.67,0.13,805.07,2.70,"2,489.89",11.75,1.00,2.70,6.52,6.11,LEE,SET,AGRO,AGRI
1Q2557,799.27,-42.80,33.33,34.65,0.04,1.18,1.34,91.61,6.87,4.34,0.13,749.83,2.86,"2,637.44",11.28,1.03,2.77,7.69,6.08,LEE,SET,AGRO,AGRI
2Q2557,931.41,-3.55,-47.45,39.54,0.04,1.40,1.56,92.07,6.00,4.25,0.11,720.42,3.04,"2,803.43",11.36,1.08,2.80,7.24,7.08,LEE,SET,AGRO,AGRI
3Q2557,"1,090.34",33.28,-46.76,48.46,0.05,1.76,1.96,93.74,5.30,4.44,0.13,708.14,3.02,"2,784.98",12.51,1.15,2.62,7.28,8.51,LEE,SET,AGRO,AGRI
4Q2557,"1,013.71",16.69,-14.20,59.51,0.06,2.09,2.36,93.39,5.17,5.87,0.13,672.59,2.88,"2,655.88",14.62,1.08,2.68,7.64,8.53,LEE,SET,AGRO,AGRI
1Q2558,847.92,-50.00,-25.00,28.06,0.03,0.98,1.09,91.74,7.16,3.31,0.11,659.87,2.80,"2,582.10",14.55,1.02,2.74,6.07,10.01,LEE,SET,AGRO,AGRI
2Q2558,877.11,-10.80,-30.64,25.69,0.03,0.92,1.02,91.69,6.81,2.93,0.12,656.68,2.90,"2,674.32",15.66,1.05,2.77,5.86,11.58,LEE,SET,AGRO,AGRI
3Q2558,892.07,24.22,-35.36,35.08,0.03,1.26,1.42,92.58,6.22,3.93,0.15,686.89,2.80,"2,582.10",16.41,1.07,2.63,6.07,12.32,LEE,SET,AGRO,AGRI
4Q2558,888.69,110.59,16.67,60.69,0.07,2.14,2.42,90.92,7.76,6.83,0.11,675.41,2.62,"2,416.11",16.68,0.98,2.66,6.49,11.74,LEE,SET,AGRO,AGRI
1Q2559,774.61,-28.57,66.67,46.75,0.05,1.64,1.82,90.28,7.67,6.04,0.11,668.16,2.68,"2,471.44",16.98,0.98,2.73,4.48,10.53,LEE,SET,AGRO,AGRI
2Q2559,854.21,20.00,124.22,54.35,0.06,1.88,2.11,90.64,6.83,6.36,0.13,625.00,2.70,"2,489.89",15.20,0.97,2.79,4.44,9.41,LEE,SET,AGRO,AGRI
3Q2559,963.51,50.00,170.76,86.35,0.09,2.94,3.33,90.98,5.94,8.96,0.13,591.46,2.78,"2,563.66",13.38,1.02,2.73,4.32,8.15,LEE,SET,AGRO,AGRI
4Q2559,886.62,-22.22,0.00,66.50,0.07,2.22,2.49,91.24,6.25,7.50,0.11,646.94,3.10,"2,858.76",11.82,1.10,2.82,3.87,8.30,LEE,SET,AGRO,AGRI
1Q2560,781.05,-28.57,0.00,42.65,0.05,1.42,1.57,90.84,7.54,5.46,0.10,656.33,3.00,"2,766.54",11.15,1.03,2.90,8.00,8.33,LEE,SET,AGRO,AGRI
2Q2560,813.06,-20.00,-33.33,45.31,0.04,1.54,1.70,91.57,6.99,5.57,0.11,714.30,3.56,"3,282.96",13.43,1.21,2.95,6.74,10.28,LEE,SET,AGRO,AGRI
3Q2560,897.27,50.00,-33.33,57.45,0.06,1.98,2.21,92.17,6.48,6.40,0.13,721.24,3.56,"3,282.96",13.90,1.29,2.76,6.74,11.59,LEE,SET,AGRO,AGRI
4Q2560,876.73,0.00,-14.29,51.07,0.06,1.72,1.93,93.15,6.20,5.83,0.12,709.57,3.08,"2,840.32",13.67,1.09,2.82,7.79,10.84,LEE,SET,AGRO,AGRI
1Q2561,801.25,-66.67,-60.00,20.28,0.02,0.69,0.76,89.49,8.43,2.53,0.09,711.92,2.94,"2,711.21",14.18,1.03,2.86,6.46,11.32,LEE,SET,AGRO,AGRI
2Q2561,754.84,5.00,-47.50,19.05,0.02,0.67,0.73,92.53,6.21,2.52,0.11,713.40,2.72,"2,508.33",14.83,0.94,2.88,6.99,11.97,LEE,SET,AGRO,AGRI
3Q2561,723.09,38.10,-51.67,30.30,0.03,1.07,1.19,92.02,7.38,4.19,0.11,762.12,2.80,"2,582.10",18.08,1.03,2.71,6.79,13.73,LEE,SET,AGRO,AGRI
4Q2561,715.71,-31.03,-66.67,14.48,0.02,0.51,0.56,91.04,7.01,2.02,0.12,758.24,2.54,"2,342.34",20.12,0.93,2.74,7.48,16.04,LEE,SET,AGRO,AGRI
1Q2562,620.02,-50.00,-50.00,7.76,0.01,0.27,0.30,90.39,8.81,1.25,0.10,755.58,2.50,"2,305.45",28.17,0.91,2.76,3.20,15.94,LEE,SET,AGRO,AGRI
2Q2562,668.60,260.00,71.43,34.32,0.04,1.22,1.34,85.75,10.05,5.13,0.11,692.34,2.30,"2,121.01",30.14,0.83,2.77,3.48,14.33,LEE,SET,AGRO,AGRI
3Q2562,696.10,22.22,51.72,41.10,0.04,1.44,1.60,91.62,7.50,5.90,0.12,688.31,2.18,"2,010.35",23.21,0.80,2.73,3.67,13.16,LEE,SET,AGRO,AGRI
4Q2562,693.08,59.09,250.00,66.88,0.07,2.28,2.55,91.43,6.63,9.65,0.12,714.74,2.18,"2,010.35",20.65,0.79,2.77,3.67,9.73,LEE,SET,AGRO,AGRI
1Q2563,689.06,-42.86,300.00,32.89,0.04,1.09,1.23,91.77,7.99,4.77,0.14,740.08,1.87,"1,724.48",,,,6.42,7.38,LEE,SET,AGRO,AGRI
2Q2563,631.06,0.00,11.11,41.71,0.04,1.38,1.57,87.10,7.62,6.61,0.14,843.17,2.24,"2,065.68",11.87,0.78,2.88,5.36,8.25,LEE,SET,AGRO,AGRI
3Q2563,761.93,50.00,36.36,52.52,0.06,1.74,1.99,92.57,6.59,6.89,0.14,829.54,2.20,"2,028.80",11.23,0.78,2.81,5.45,7.83,LEE,SET,AGRO,AGRI
4Q2563,801.34,0.00,-14.29,62.22,0.06,2.01,2.30,93.55,5.72,7.76,0.15,852.98,2.30,"2,121.01",11.05,0.80,2.86,5.22,8.39,LEE,SET,AGRO,AGRI
1Q2564,833.01,-33.33,0.00,37.81,0.04,1.19,1.37,93.47,6.12,4.54,0.15,927.88,2.74,"2,526.77",13.51,0.94,2.93,6.57,9.68,LEE,SET,AGRO,AGRI
2Q2564,943.40,-25.00,-25.00,23.10,0.03,0.74,0.86,93.74,5.52,2.45,0.16,931.28,2.86,"2,637.44",13.73,0.96,2.97,6.29,10.65,LEE,SET,AGRO,AGRI
3Q2564,"1,001.57",-33.33,-66.67,20.89,0.02,0.69,0.79,95.27,4.83,2.09,0.14,"1,011.07",2.68,"2,471.44",14.17,0.95,2.81,6.72,11.51,LEE,SET,AGRO,AGRI
1Q2565,882.32,-50.00,-75.00,4.57,0.01,0.15,0.17,94.06,5.49,0.52,0.16,984.54,2.60,"2,397.67",,,,5.00,15.75,LEE,SET,AGRO,AGRI
2Q2565,875.90,100.00,-33.33,19.59,0.02,0.62,0.71,93.53,5.70,2.24,0.13,"1,015.09",2.46,"2,287.01",22.03,0.83,3.00,5.24,17.52,LEE,SET,AGRO,AGRI
3Q2565,829.47,,,-4.26,-0.01,-0.14,-0.16,93.93,5.64,-0.51,0.13,"1,053.00",2.44,"2,250.12",22.47,0.84,2.89,5.33,22.98,LEE,SET,AGRO,AGRI
