,รายได้รวม,การเติบโตต่อไตรมาส (%),การเติบโตต่อปี (%),กำไรสุทธิ,กำไรต่อหุ้น (EPS),ROA (%),ROE (%),อัตรากำไรขั้นต้น (%),อัตราส่วนการขายและบริหารต่อรายได้ (%),อัตรากำไรสุทธิ (%),หนี้สิน/ทุน (เท่า),วงจรเงินสด (วัน),ราคาล่าสุด (บาท),มูลค่าหลักทรัพย์ตามราคาตลาด (ล้านบาท),P/E (เท่า),P/BV (เท่า),มูลค่าหุ้นทางบัญชีต่อหุ้น (บาท),อัตราส่วนเงินปันผลตอบแทน,EV / EBITDA,Symbol,Market,IndusGroup,BusinessGroup
1Q2555,255.47,35.42,,15.99,0.13,3.42,13.96,95.86,3.99,6.26,2.83,150.42,1.76,220.00,17.68,2.06,0.85,0.00,11.73,PROUD,mai,PROPCON,-
2Q2555,285.17,53.85,"1,900.00",24.73,0.20,4.54,18.33,96.57,3.26,8.67,3.22,375.83,1.84,230.00,6.80,1.88,0.98,0.00,9.78,PROUD,mai,PROPCON,-
3Q2555,246.59,-28.50,320.59,18.41,0.14,2.89,11.76,95.65,4.21,7.46,2.94,464.30,3.72,465.00,8.25,3.16,1.18,0.00,10.56,PROUD,mai,PROPCON,-
4Q2555,316.96,-67.13,-51.04,5.43,0.05,0.80,3.21,94.92,4.64,1.71,3.05,348.14,3.60,452.08,6.37,2.73,1.33,0.00,11.68,PROUD,mai,PROPCON,-
1Q2556,306.64,-36.17,-76.92,4.32,0.03,0.57,2.43,93.31,5.48,1.41,3.46,281.77,4.28,538.30,8.34,3.11,1.38,0.00,15.63,PROUD,mai,PROPCON,-
2Q2556,290.73,-10.00,-86.50,2.88,0.03,0.37,1.55,92.63,6.80,0.99,2.93,-8.37,2.02,255.97,4.84,1.40,1.45,0.00,14.45,PROUD,mai,PROPCON,-
3Q2556,289.12,-51.85,-90.91,1.51,0.01,0.20,0.80,96.85,2.59,0.52,2.95,-158.81,2.02,255.97,8.25,1.36,1.49,0.00,22.14,PROUD,mai,PROPCON,-
4Q2556,222.34,,,-29.42,-0.23,-4.20,-16.78,94.28,5.23,-13.23,3.04,-78.87,1.92,243.30,17.22,1.28,1.50,0.00,-54.49,PROUD,mai,PROPCON,-
1Q2557,148.57,91.30,,-2.95,-0.02,-0.45,-1.83,90.12,8.67,-1.99,3.07,166.40,1.76,223.03,N/A,1.39,1.27,0.00,-28.51,PROUD,mai,PROPCON,-
2Q2557,151.30,-200.00,,-6.87,-0.06,-1.03,-4.33,88.86,8.80,-4.54,3.32,491.13,2.36,299.06,N/A,1.85,1.28,0.00,-21.82,PROUD,mai,PROPCON,-
3Q2557,164.56,-81.67,,-14.12,-0.11,-2.06,-9.54,83.59,12.58,-8.58,4.00,642.28,3.28,415.64,N/A,2.68,1.22,0.00,-18.22,PROUD,mai,PROPCON,-
4Q2557,84.61,34.86,69.13,-9.20,-0.07,-1.28,-6.75,81.27,13.10,-10.88,4.55,"1,002.55",3.10,392.83,N/A,2.79,1.11,0.00,-44.58,PROUD,mai,PROPCON,-
1Q2558,69.23,-49.30,-430.00,-13.49,-0.11,-1.94,-10.79,73.61,23.72,-19.49,4.57,"1,337.81",3.80,481.54,N/A,3.65,1.04,0.00,-28.46,PROUD,mai,PROPCON,-
2Q2558,83.59,-16.98,-106.67,-15.47,-0.12,-2.34,-13.99,78.54,16.20,-18.51,5.44,"1,639.04",3.30,418.18,N/A,3.54,0.93,0.00,-20.99,PROUD,mai,PROPCON,-
3Q2558,211.03,,,14.13,0.11,2.30,12.86,89.57,9.68,6.70,3.86,"1,756.52",3.24,410.57,N/A,3.99,0.81,0.00,-96.07,PROUD,mai,PROPCON,-
4Q2558,134.77,36.36,,18.14,0.15,3.41,14.36,82.89,16.48,13.46,2.64,"1,427.82",2.66,337.08,N/A,2.88,0.92,0.00,26.20,PROUD,mai,PROPCON,-
1Q2559,88.77,-46.67,,9.61,0.08,2.08,6.84,81.54,18.04,10.83,1.97,"1,206.46",1.52,192.61,58.23,1.42,1.07,0.00,8.74,PROUD,mai,PROPCON,-
2Q2559,60.60,,67.74,-4.24,-0.04,-0.98,-2.96,76.63,20.45,-7.00,2.07,"1,065.91",1.86,235.70,8.93,1.62,1.15,0.00,7.42,PROUD,mai,PROPCON,-
3Q2559,72.22,50.00,,-3.32,-0.02,-0.75,-2.37,79.67,15.99,-4.59,2.24,"1,195.43",2.36,299.06,7.95,2.12,1.12,0.00,13.72,PROUD,mai,PROPCON,-
4Q2559,108.75,5.00,,-1.93,-0.02,-0.45,-1.41,66.84,27.31,-1.77,1.99,"1,015.25",2.06,261.04,12.93,1.89,1.09,0.00,31.90,PROUD,mai,PROPCON,-
1Q2560,71.42,47.37,,-1.28,-0.01,-0.33,-0.95,75.52,20.06,-1.80,1.81,"1,030.50",1.73,219.23,"1,766.38",1.61,1.07,0.00,141.66,PROUD,mai,PROPCON,-
2Q2560,59.45,-700.00,-100.00,-10.96,-0.08,-2.95,-6.56,66.56,30.02,-18.44,0.83,892.28,1.41,178.68,N/A,1.99,1.06,0.00,-118.96,PROUD,mai,PROPCON,-
3Q2560,15.06,-12.50,-350.00,-14.60,-0.09,-4.23,-7.60,-4.93,95.15,-96.93,0.77,812.12,1.31,249.00,N/A,1.25,1.05,0.00,-21.53,PROUD,mai,PROPCON,-
4Q2560,4.12,-11.11,-426.32,-18.44,-0.10,-5.82,-10.49,-223.40,281.41,-447.48,0.85,"1,006.00",1.12,212.89,N/A,1.15,0.97,0.00,-9.32,PROUD,mai,PROPCON,-
1Q2561,8.54,30.00,-600.00,-13.97,-0.07,-4.65,-8.76,-59.63,126.90,-163.53,0.92,"1,053.30",0.99,188.18,N/A,1.13,0.88,0.00,-6.18,PROUD,mai,PROPCON,-
2Q2561,26.11,42.86,50.00,-6.07,-0.04,-2.07,-4.07,48.35,42.23,-23.23,1.01,"1,261.93",0.84,159.67,N/A,1.05,0.80,0.00,-6.00,PROUD,mai,PROPCON,-
3Q2561,26.31,-75.00,22.22,-13.61,-0.07,-4.57,-9.79,58.64,34.07,-51.72,1.29,"1,381.11",1.25,237.60,N/A,1.63,0.77,0.00,-8.58,PROUD,mai,PROPCON,-
4Q2561,51.89,42.86,60.00,-7.39,-0.04,-2.39,-5.75,78.49,16.52,-14.25,1.54,"1,466.07",1.56,296.52,N/A,2.24,0.70,0.00,-15.29,PROUD,mai,PROPCON,-
1Q2562,58.66,,,0.10,0.00,0.03,0.08,74.28,22.78,0.18,1.33,"1,326.04",1.59,302.23,N/A,2.42,0.66,0.00,-26.40,PROUD,mai,PROPCON,-
2Q2562,1.59,,-225.60,-40.46,-0.13,-4.25,-9.38,"-2,535.07","2,551.38","-2,538.52",1.19,"2,498.07",1.63,"1,045.59",N/A,8.37,0.66,0.00,-37.18,PROUD,mai,PROPCON,-
3Q2562,42.25,,,13.58,0.07,0.86,1.82,7.25,41.35,32.14,1.07,"3,761.50",1.45,930.13,N/A,1.26,1.15,0.00,-71.72,PROUD,mai,PROPCON,-
4Q2562,12.15,,50.00,-13.31,-0.02,-0.81,-1.79,-35.75,134.43,-109.50,1.33,"4,816.78",1.48,949.37,N/A,1.26,1.17,0.00,-52.60,PROUD,mai,PROPCON,-
1Q2563,7.21,-40.00,,-17.68,-0.03,-1.02,-2.43,-218.22,308.30,-245.45,1.42,"5,693.50",0.85,545.25,N/A,0.74,1.15,0.00,-29.52,PROUD,mai,PROPCON,-
2Q2563,5.74,-25.00,73.13,-22.69,-0.04,-1.26,-3.20,-317.91,400.63,-395.33,1.65,"7,013.34",0.97,622.22,N/A,0.86,1.12,0.00,-51.82,PROUD,mai,PROPCON,-
3Q2563,183.20,,-79.78,8.65,0.01,0.46,1.23,74.01,19.01,4.72,1.70,"5,722.93",0.90,577.32,N/A,0.83,1.09,0.00,-46.96,PROUD,mai,PROPCON,-
4Q2563,2.06,,-5.00,-13.09,-0.02,-0.67,-1.87,"-1,376.21","1,376.20",-636.46,1.89,"5,132.55",0.93,596.57,N/A,0.84,1.10,0.00,-39.40,PROUD,mai,PROPCON,-
1Q2564,1.19,-14.29,14.29,-15.61,-0.02,-0.76,-2.28,,"1,688.18","-1,308.72",2.14,"5,268.02",1.25,801.84,N/A,1.16,1.08,0.00,-47.60,PROUD,mai,PROPCON,-
2Q2564,1.02,-25.00,14.29,-18.71,-0.03,-0.84,-2.80,,"2,249.80","-1,834.22",2.53,"5,539.55",1.04,667.13,N/A,0.98,1.06,0.00,-51.25,PROUD,mai,PROPCON,-
3Q2564,1.65,-16.67,,-22.59,-0.04,-0.73,-3.49,,"1,568.71","-1,369.86",5.04,"-492,947.98",1.28,821.08,N/A,1.25,1.03,0.00,-47.44,PROUD,mai,PROPCON,-
1Q2565,0.29,-71.43,-150.00,-38.31,-0.06,-0.96,-6.42,,"10,301.37","-13,118.49",6.47,,1.60,"1,026.35",N/A,1.72,0.93,0.00,-52.92,PROUD,mai,PROPCON,-
2Q2565,110.03,48.33,-3.33,-19.91,-0.03,-0.47,-3.63,,42.40,-18.09,6.99,,1.59,"1,032.77",N/A,1.85,0.87,0.00,-69.52,PROUD,mai,PROPCON,-
3Q2565,883.63,,,118.95,0.19,2.95,19.92,96.41,15.91,13.46,4.73,"3,423.98",2.00,"1,308.60",N/A,2.43,0.84,0.00,32.32,PROUD,mai,PROPCON,-
