,รายได้รวม,การเติบโตต่อไตรมาส (%),การเติบโตต่อปี (%),กำไรสุทธิ,กำไรต่อหุ้น (EPS),ROA (%),ROE (%),อัตรากำไรขั้นต้น (%),อัตราส่วนการขายและบริหารต่อรายได้ (%),อัตรากำไรสุทธิ (%),หนี้สิน/ทุน (เท่า),วงจรเงินสด (วัน),ราคาล่าสุด (บาท),มูลค่าหลักทรัพย์ตามราคาตลาด (ล้านบาท),P/E (เท่า),P/BV (เท่า),มูลค่าหุ้นทางบัญชีต่อหุ้น (บาท),อัตราส่วนเงินปันผลตอบแทน,EV / EBITDA,Symbol,Market,IndusGroup,BusinessGroup
1Q2555,613.21,,201.99,131.67,0.33,6.66,8.42,89.58,10.27,21.47,0.29,-16.64,6.40,"2,560.00",26.79,1.69,3.78,1.25,7.21,Q-CON,SET,PROPCON,CONMAT
2Q2555,534.86,-35.95,219.44,84.51,0.21,4.15,5.11,88.89,9.98,15.80,0.17,-39.35,9.95,"3,980.00",21.70,2.47,4.03,0.80,9.18,Q-CON,SET,PROPCON,CONMAT
3Q2555,563.52,62.15,105.94,136.57,0.34,6.56,7.73,89.19,8.51,24.23,0.19,-73.39,12.20,"4,880.00",20.18,2.87,4.24,0.66,9.36,Q-CON,SET,PROPCON,CONMAT
4Q2555,462.97,-66.87,,45.31,0.11,2.06,2.44,91.32,9.57,9.79,0.18,-125.92,14.70,"5,880.00",18.84,3.21,4.58,0.54,9.88,Q-CON,SET,PROPCON,CONMAT
1Q2556,569.09,20.68,-58.47,54.67,0.14,2.27,2.97,88.54,10.22,9.61,0.44,-169.84,21.30,"8,520.00",21.40,4.54,4.70,1.50,16.97,Q-CON,SET,PROPCON,CONMAT
2Q2556,546.63,-29.78,-54.48,38.39,0.10,1.51,2.10,86.68,12.09,7.02,0.35,-189.53,11.10,"4,440.00",13.83,2.46,4.51,2.88,10.38,Q-CON,SET,PROPCON,CONMAT
3Q2556,588.65,52.52,-57.18,58.56,0.15,2.34,3.13,89.93,8.97,9.95,0.32,-188.82,10.50,"4,200.00",15.28,2.28,4.61,3.05,11.91,Q-CON,SET,PROPCON,CONMAT
4Q2556,578.06,40.62,81.74,82.34,0.21,3.35,4.24,94.11,6.36,14.24,0.21,-221.15,9.50,"3,800.00",19.30,2.00,4.76,3.37,9.30,Q-CON,SET,PROPCON,CONMAT
1Q2557,596.62,-16.94,25.09,68.39,0.17,2.79,3.47,90.41,9.28,11.46,0.28,-190.22,9.65,"3,860.00",16.50,1.94,4.96,2.59,8.83,Q-CON,SET,PROPCON,CONMAT
2Q2557,483.33,-71.34,-48.94,19.49,0.05,0.80,0.99,89.18,10.50,4.03,0.20,-156.62,10.50,"4,200.00",16.96,2.15,4.88,2.38,9.71,Q-CON,SET,PROPCON,CONMAT
3Q2557,562.66,105.57,-31.18,40.41,0.10,1.69,2.03,91.47,8.35,7.18,0.20,-135.66,9.40,"3,760.00",16.43,1.91,4.93,2.66,8.98,Q-CON,SET,PROPCON,CONMAT
4Q2557,478.39,,,-0.03,-0.00,0.00,0.00,88.84,10.57,-0.01,0.16,-97.91,8.75,"3,500.00",16.62,1.74,5.03,2.86,10.63,Q-CON,SET,PROPCON,CONMAT
1Q2558,477.63,,-88.30,8.18,0.02,0.35,0.41,89.82,10.07,1.71,0.21,-109.20,8.30,"3,320.00",25.88,1.65,5.03,1.69,13.13,Q-CON,SET,PROPCON,CONMAT
2Q2558,410.21,-87.00,-94.69,0.86,0.00,0.04,0.04,89.24,10.57,0.21,0.16,-119.83,7.70,"3,080.00",45.26,1.57,4.91,1.82,13.43,Q-CON,SET,PROPCON,CONMAT
3Q2558,477.68,568.85,-82.74,6.96,0.02,0.30,0.35,83.79,12.86,1.46,0.16,-108.69,0.00,"2,600.00",52.60,1.32,4.91,2.15,13.77,Q-CON,SET,PROPCON,CONMAT
4Q2558,382.40,,"-36,466.67",-8.78,-0.02,-0.39,-0.45,89.05,9.16,-2.29,0.11,-103.25,4.96,"1,984.00",124.24,1.01,4.93,2.82,11.12,Q-CON,SET,PROPCON,CONMAT
1Q2559,396.71,-48.45,,-13.03,-0.03,-0.60,-0.68,86.60,12.86,-3.28,0.17,-70.58,4.70,"1,880.00",260.35,0.96,4.88,2.98,12.44,Q-CON,SET,PROPCON,CONMAT
2Q2559,372.28,-96.56,,-25.61,-0.06,-1.18,-1.37,86.18,11.68,-6.88,0.16,-55.41,7.65,"3,060.00",N/A,1.63,4.71,1.83,22.09,Q-CON,SET,PROPCON,CONMAT
3Q2559,367.50,-26.62,,-32.42,-0.08,-1.51,-1.76,82.52,16.63,-8.82,0.17,-16.32,6.10,"2,440.00",N/A,1.31,4.64,2.30,23.91,Q-CON,SET,PROPCON,CONMAT
4Q2559,349.70,-13.13,-317.96,-36.68,-0.09,-1.76,-2.03,89.08,9.47,-10.49,0.14,-8.10,4.94,"1,976.00",N/A,1.08,4.56,2.83,25.79,Q-CON,SET,PROPCON,CONMAT
1Q2560,420.97,69.08,12.96,-11.34,-0.03,-0.56,-0.64,94.04,4.99,-2.69,0.14,-15.10,5.55,"2,220.00",N/A,1.24,4.47,0.00,27.39,Q-CON,SET,PROPCON,CONMAT
2Q2560,406.62,14.32,62.06,-9.72,-0.02,-0.48,-0.55,80.33,19.58,-2.39,0.15,-3.89,5.95,"2,380.00",N/A,1.34,4.44,0.00,26.56,Q-CON,SET,PROPCON,CONMAT
3Q2560,501.02,,,30.41,0.08,1.48,1.71,89.08,10.74,6.07,0.16,-26.49,6.40,"2,560.00",N/A,1.45,4.42,0.00,16.72,Q-CON,SET,PROPCON,CONMAT
4Q2560,382.61,,89.38,-3.89,-0.01,-0.19,-0.22,89.91,9.87,-1.02,0.13,-23.22,6.85,"2,740.00",N/A,1.52,4.49,0.00,15.34,Q-CON,SET,PROPCON,CONMAT
1Q2561,475.19,,,14.97,0.04,0.73,0.83,88.67,11.22,3.15,0.16,-14.77,6.10,"2,440.00",446.49,1.36,4.48,0.49,11.95,Q-CON,SET,PROPCON,CONMAT
2Q2561,445.85,-82.16,,2.67,0.01,0.13,0.15,100.13,-0.24,0.60,0.15,-49.98,5.60,"2,240.00",70.49,1.25,4.49,0.54,10.16,Q-CON,SET,PROPCON,CONMAT
3Q2561,482.49,,,-9.70,-0.02,-0.47,-0.54,75.74,24.12,-2.01,0.17,-30.65,5.45,"2,180.00",49.36,1.21,4.50,0.55,12.02,Q-CON,SET,PROPCON,CONMAT
4Q2561,521.45,,,49.32,0.12,2.36,2.71,92.17,7.70,9.46,0.13,-42.65,4.70,"1,880.00",463.87,1.05,4.47,0.64,6.93,Q-CON,SET,PROPCON,CONMAT
1Q2562,557.48,22.20,302.48,60.27,0.15,2.82,3.22,91.37,8.41,10.81,0.16,-39.23,5.00,"2,000.00",34.92,1.08,4.63,1.20,6.53,Q-CON,SET,PROPCON,CONMAT
2Q2562,477.90,-55.78,897.46,26.65,0.07,1.21,1.40,87.87,11.86,5.58,0.16,-10.16,5.60,"2,240.00",21.84,1.19,4.72,1.07,6.81,Q-CON,SET,PROPCON,CONMAT
3Q2562,532.19,67.64,,44.68,0.11,1.99,2.31,89.20,10.63,8.40,0.15,-6.92,0.00,"2,280.00",18.02,1.19,4.79,1.05,5.91,Q-CON,SET,PROPCON,CONMAT
4Q2562,510.82,7.62,-2.51,48.09,0.12,2.13,2.43,92.49,5.81,9.41,0.13,-4.67,0.00,"2,120.00",11.72,1.08,4.90,1.13,5.56,Q-CON,SET,PROPCON,CONMAT
1Q2563,517.93,29.23,3.09,62.14,0.16,2.66,3.11,89.46,8.70,12.00,0.21,-4.21,4.58,"1,832.00",,,,3.93,4.33,Q-CON,SET,PROPCON,CONMAT
2Q2563,426.57,-43.32,32.15,35.22,0.09,1.48,1.75,88.06,9.73,8.26,0.16,4.81,5.00,"2,000.00",11.02,1.00,4.98,3.60,5.35,Q-CON,SET,PROPCON,CONMAT
3Q2563,405.90,,,-10.55,-0.03,-0.45,-0.52,86.28,12.05,-2.60,0.15,21.08,0.00,"1,984.00",10.44,0.98,5.07,3.63,6.49,Q-CON,SET,PROPCON,CONMAT
4Q2563,400.86,,-43.44,27.19,0.07,1.17,1.34,76.70,21.50,6.78,0.13,41.54,4.78,"1,912.00",14.17,0.95,5.04,3.77,6.09,Q-CON,SET,PROPCON,CONMAT
1Q2564,468.89,116.94,-5.05,59.00,0.15,2.50,2.98,89.37,9.09,12.58,0.27,47.72,6.25,"2,500.00",21.93,1.23,5.10,7.36,8.77,Q-CON,SET,PROPCON,CONMAT
2Q2564,410.64,-45.30,-8.37,32.27,0.08,1.37,1.67,88.15,10.93,7.86,0.17,52.27,5.35,"2,140.00",19.30,1.12,4.79,8.60,7.67,Q-CON,SET,PROPCON,CONMAT
3Q2564,359.80,-24.89,,24.24,0.06,1.06,1.24,85.79,12.84,6.74,0.17,62.04,5.45,"2,180.00",20.20,1.12,4.87,8.44,7.00,Q-CON,SET,PROPCON,CONMAT
4Q2564,417.16,16.11,3.49,28.14,0.07,1.23,1.42,89.35,9.29,6.75,0.14,72.02,5.55,"2,220.00",15.56,1.13,4.93,8.29,7.17,Q-CON,SET,PROPCON,CONMAT
1Q2565,472.75,62.93,-22.28,45.85,0.11,1.96,2.34,89.04,9.96,9.70,0.24,75.82,6.20,"2,480.00",,,,5.00,8.58,Q-CON,SET,PROPCON,CONMAT
2Q2565,519.30,11.19,57.99,50.99,0.13,2.13,2.62,89.47,9.43,9.82,0.22,16.49,5.25,"2,120.00",16.24,1.11,4.80,5.85,7.07,Q-CON,SET,PROPCON,CONMAT
3Q2565,646.30,81.67,282.15,92.63,0.23,3.75,4.60,91.84,7.36,14.33,0.23,-64.30,5.00,"2,000.00",13.40,1.02,4.92,6.20,5.21,Q-CON,SET,PROPCON,CONMAT
