,รายได้รวม,การเติบโตต่อไตรมาส (%),การเติบโตต่อปี (%),กำไรสุทธิ,กำไรต่อหุ้น (EPS),ROA (%),ROE (%),อัตรากำไรขั้นต้น (%),อัตราส่วนการขายและบริหารต่อรายได้ (%),อัตรากำไรสุทธิ (%),หนี้สิน/ทุน (เท่า),วงจรเงินสด (วัน),ราคาล่าสุด (บาท),มูลค่าหลักทรัพย์ตามราคาตลาด (ล้านบาท),P/E (เท่า),P/BV (เท่า),มูลค่าหุ้นทางบัญชีต่อหุ้น (บาท),อัตราส่วนเงินปันผลตอบแทน,EV / EBITDA,Symbol,Market,IndusGroup,BusinessGroup
1Q2555,40.70,-96.01,0.00,0.17,0.01,0.03,0.03,78.90,20.70,0.43,0.13,"4,952.96",10.00,240.00,11.61,0.44,22.68,5.00,10.68,SAWANG,SET,CONSUMP,FASHION
2Q2555,52.40,700.00,-73.33,2.05,0.08,0.34,0.38,90.93,7.95,3.92,0.14,"5,295.47",0.00,244.80,11.89,0.45,22.68,4.90,15.38,SAWANG,SET,CONSUMP,FASHION
3Q2555,50.26,208.20,-17.70,5.85,0.25,0.96,1.09,88.78,11.85,11.64,0.13,"5,248.09",0.00,225.60,14.66,0.42,22.27,5.32,14.21,SAWANG,SET,CONSUMP,FASHION
4Q2555,69.62,-53.99,-54.70,2.79,0.11,0.45,0.51,88.23,10.09,4.00,0.14,"4,998.79",9.80,235.20,16.66,0.44,22.51,5.10,16.54,SAWANG,SET,CONSUMP,FASHION
1Q2556,33.16,,,-3.27,-0.14,-0.53,-0.60,80.69,19.01,-9.86,0.13,"5,393.75",10.00,240.00,22.09,0.44,22.63,2.50,21.73,SAWANG,SET,CONSUMP,FASHION
2Q2556,42.97,35.71,,-2.31,-0.09,-0.38,-0.43,82.78,15.23,-5.37,0.13,"4,863.61",11.90,285.60,38.48,0.53,22.64,2.10,46.61,SAWANG,SET,CONSUMP,FASHION
3Q2556,53.41,,-75.67,1.59,0.06,0.26,0.30,61.16,13.48,2.98,0.13,"4,644.65",13.30,319.20,104.24,0.60,22.29,1.88,139.67,SAWANG,SET,CONSUMP,FASHION
4Q2556,57.49,150.00,32.23,3.62,0.15,0.60,0.67,82.37,13.96,6.30,0.12,"4,526.44",17.40,417.60,N/A,0.78,22.36,1.44,119.68,SAWANG,SET,CONSUMP,FASHION
1Q2557,40.22,,-35.71,-4.66,-0.19,-0.77,-0.87,81.89,18.11,-11.57,0.14,"4,359.33",15.90,381.60,N/A,0.71,22.51,0.00,189.18,SAWANG,SET,CONSUMP,FASHION
2Q2557,55.35,-15.79,-144.44,-5.22,-0.22,-0.87,-0.99,88.52,10.65,-9.43,0.14,"4,422.56",15.60,374.40,N/A,0.71,22.03,0.00,-532.80,SAWANG,SET,CONSUMP,FASHION
3Q2557,44.95,-36.36,,-7.23,-0.30,-1.21,-1.39,84.38,13.57,-16.08,0.16,"4,547.82",19.00,456.00,N/A,0.87,21.82,0.00,-49.94,SAWANG,SET,CONSUMP,FASHION
4Q2557,65.49,,-80.00,0.71,0.03,0.12,0.14,87.90,11.01,1.08,0.16,"4,596.71",0.00,381.60,N/A,0.74,21.52,0.00,-30.15,SAWANG,SET,CONSUMP,FASHION
1Q2558,41.53,,10.53,-4.05,-0.17,-0.68,-0.79,78.34,21.23,-9.76,0.15,"4,275.11",14.20,340.80,N/A,0.66,21.55,0.00,-28.89,SAWANG,SET,CONSUMP,FASHION
2Q2558,56.41,76.47,81.82,-1.05,-0.04,-0.18,-0.20,88.88,9.95,-1.86,0.15,"4,215.19",0.00,333.60,N/A,0.65,21.38,0.00,-44.71,SAWANG,SET,CONSUMP,FASHION
3Q2558,45.96,-206.83,59.09,-2.88,-0.12,-0.49,-0.56,81.23,17.10,-6.27,0.17,"3,900.84",0.00,384.00,N/A,0.75,21.33,0.00,-126.37,SAWANG,SET,CONSUMP,FASHION
4Q2558,68.12,,575.77,4.87,0.20,0.82,0.95,88.68,10.38,7.15,0.15,"3,863.70",0.00,312.00,N/A,0.61,21.21,0.00,99.05,SAWANG,SET,CONSUMP,FASHION
1Q2559,49.95,,-35.29,-5.46,-0.23,-0.91,-1.07,84.87,15.13,-10.93,0.18,"3,921.78",14.60,350.40,N/A,0.68,21.42,0.00,148.82,SAWANG,SET,CONSUMP,FASHION
2Q2559,40.10,-8.70,-525.00,-6.13,-0.25,-1.04,-1.21,82.15,17.23,-15.28,0.16,"3,697.54",13.90,333.60,N/A,0.66,21.19,0.00,-120.46,SAWANG,SET,CONSUMP,FASHION
3Q2559,35.84,1.87,-99.89,-5.82,-0.25,-1.01,-1.17,79.26,20.74,-16.24,0.16,"3,695.87",0.00,840.00,N/A,1.67,20.94,0.00,-148.70,SAWANG,SET,CONSUMP,FASHION
4Q2559,41.16,65.48,,-2.05,-0.08,-0.36,-0.41,82.63,15.78,-4.97,0.15,"3,764.95",16.10,386.40,N/A,0.78,20.69,0.00,-26.06,SAWANG,SET,CONSUMP,FASHION
1Q2560,41.71,-218.85,-17.39,-6.36,-0.27,-1.12,-1.29,81.67,18.33,-15.26,0.16,"3,781.29",14.10,338.40,N/A,0.68,20.61,0.00,-20.78,SAWANG,SET,CONSUMP,FASHION
2Q2560,29.10,-7.41,-16.00,-6.97,-0.29,-1.24,-1.44,73.21,26.10,-23.95,0.15,"3,729.10",0.00,384.00,N/A,0.79,20.35,0.00,-22.46,SAWANG,SET,CONSUMP,FASHION
3Q2560,25.25,-37.93,-63.05,-9.76,-0.40,-1.78,-2.05,70.39,29.55,-38.68,0.15,"3,752.97",14.40,345.60,N/A,0.72,20.06,0.00,-16.72,SAWANG,SET,CONSUMP,FASHION
4Q2560,23.74,7.50,-336.94,-8.90,-0.37,-1.65,-1.92,66.71,32.58,-37.47,0.16,"3,639.75",0.00,345.60,N/A,0.73,19.65,0.00,-12.93,SAWANG,SET,CONSUMP,FASHION
1Q2561,36.57,29.73,3.70,-6.16,-0.26,-1.16,-1.36,77.14,22.86,-16.84,0.17,"3,590.98",0.00,314.40,N/A,0.69,19.03,0.00,-12.05,SAWANG,SET,CONSUMP,FASHION
2Q2561,29.90,3.85,13.79,-6.17,-0.25,-1.17,-1.38,74.78,23.27,-20.64,0.18,"3,661.37",0.00,314.40,N/A,0.70,18.78,0.00,-12.61,SAWANG,SET,CONSUMP,FASHION
3Q2561,25.92,16.00,47.50,-4.88,-0.21,-0.94,-1.10,71.41,29.12,-18.82,0.18,"3,635.82",0.00,360.00,N/A,0.81,18.52,0.00,-17.20,SAWANG,SET,CONSUMP,FASHION
4Q2561,17.03,-33.33,24.32,-6.83,-0.28,-1.39,-1.56,59.12,38.79,-40.08,0.06,"3,854.48",0.00,266.40,N/A,0.61,18.32,0.00,-12.48,SAWANG,SET,CONSUMP,FASHION
1Q2562,21.99,-82.14,-96.15,-12.36,-0.51,-2.71,-2.89,66.31,33.68,-56.21,0.07,"4,076.76",12.50,300.00,N/A,0.69,18.07,0.00,-11.36,SAWANG,SET,CONSUMP,FASHION
2Q2562,20.89,-9.80,-124.00,-13.22,-0.56,-2.99,-3.19,64.32,35.38,-63.29,0.07,"4,075.67",0.00,278.40,N/A,0.66,17.56,0.00,-8.64,SAWANG,SET,CONSUMP,FASHION
3Q2562,21.83,39.29,-61.90,-8.27,-0.34,-1.91,-2.05,69.22,30.78,-37.89,0.07,"4,234.46",0.00,247.20,N/A,0.61,17.01,0.00,-7.05,SAWANG,SET,CONSUMP,FASHION
4Q2562,22.84,67.65,60.71,-2.53,-0.11,-0.59,-0.63,40.19,59.66,-11.08,0.07,"3,357.04",0.00,229.20,N/A,0.57,16.66,0.00,-7.34,SAWANG,SET,CONSUMP,FASHION
1Q2563,42.16,,,5.64,0.24,1.32,1.41,81.88,18.12,13.39,0.07,"3,291.87",0.00,110.88,,,,0.00,-8.01,SAWANG,SET,CONSUMP,FASHION
2Q2563,12.23,,35.71,-8.51,-0.36,-1.99,-2.13,18.25,75.96,-69.57,0.07,"3,116.61",11.70,280.80,N/A,0.70,16.81,0.00,-25.92,SAWANG,SET,CONSUMP,FASHION
3Q2563,16.06,8.33,2.94,-7.85,-0.33,-1.87,-2.01,43.12,61.23,-48.90,0.07,"2,875.41",0.00,302.40,N/A,0.77,16.46,0.00,-28.85,SAWANG,SET,CONSUMP,FASHION
4Q2563,28.05,-196.97,-790.91,-23.54,-0.98,-5.83,-6.27,58.78,39.45,-83.90,0.08,"2,998.65",0.00,259.20,N/A,0.67,16.13,0.00,-8.89,SAWANG,SET,CONSUMP,FASHION
1Q2564,22.03,78.19,,-5.13,-0.21,-1.32,-1.42,46.61,53.39,-23.28,0.08,"2,647.50",10.10,242.40,N/A,0.67,15.15,0.00,-6.22,SAWANG,SET,CONSUMP,FASHION
2Q2564,19.03,91.71,95.08,-0.42,-0.02,-0.11,-0.12,65.21,31.68,-2.23,0.08,"2,789.05",0.00,237.60,N/A,0.66,14.94,0.00,-7.51,SAWANG,SET,CONSUMP,FASHION
3Q2564,18.55,-290.46,79.05,-1.66,-0.07,-0.43,-0.46,62.82,32.90,-8.95,0.09,"3,027.66",0.00,249.60,N/A,0.70,14.92,0.00,-9.84,SAWANG,SET,CONSUMP,FASHION
4Q2564,31.97,"-1,302.43",1.04,-23.27,-0.97,-6.16,-6.75,88.32,6.85,-72.80,0.10,"3,956.43",0.00,231.60,N/A,0.65,14.85,0.00,-9.44,SAWANG,SET,CONSUMP,FASHION
1Q2565,19.37,82.55,20.80,-4.06,-0.17,-1.12,-1.23,41.33,54.99,-20.97,0.08,"4,038.56",0.00,240.00,,,,0.00,-9.92,SAWANG,SET,CONSUMP,FASHION
2Q2565,23.94,47.62,-400.56,-2.13,-0.09,-0.60,-0.65,57.74,40.10,-8.89,0.09,"3,440.10",11.90,285.60,N/A,0.87,13.71,0.00,-10.93,SAWANG,SET,CONSUMP,FASHION
3Q2565,20.16,-16.91,-49.88,-2.49,-0.10,-0.70,-0.76,61.60,36.21,-12.34,0.10,"3,203.77",0.00,242.40,N/A,0.74,13.62,0.00,-9.41,SAWANG,SET,CONSUMP,FASHION
