,รายได้รวม,การเติบโตต่อไตรมาส (%),การเติบโตต่อปี (%),กำไรสุทธิ,กำไรต่อหุ้น (EPS),ROA (%),ROE (%),อัตรากำไรขั้นต้น (%),อัตราส่วนการขายและบริหารต่อรายได้ (%),อัตรากำไรสุทธิ (%),หนี้สิน/ทุน (เท่า),วงจรเงินสด (วัน),ราคาล่าสุด (บาท),มูลค่าหลักทรัพย์ตามราคาตลาด (ล้านบาท),P/E (เท่า),P/BV (เท่า),มูลค่าหุ้นทางบัญชีต่อหุ้น (บาท),อัตราส่วนเงินปันผลตอบแทน,EV / EBITDA,Symbol,Market,IndusGroup,BusinessGroup
1Q2555,955.63,177.30,-20.14,60.80,0.06,1.08,2.73,95.56,4.27,6.36,1.54,-159.69,3.74,"3,571.70",14.22,1.65,2.27,4.01,9.95,SCG,SET,RESOURC,ENERG
2Q2555,"1,023.71",-10.30,-18.13,54.50,0.06,0.93,2.46,95.37,4.47,5.32,1.76,-350.15,3.60,"3,438.00",14.35,1.54,2.33,4.17,10.66,SCG,SET,RESOURC,ENERG
3Q2555,"1,084.10",67.79,6.84,91.38,0.10,1.49,4.10,95.89,3.87,8.43,1.73,-513.25,3.74,"3,571.70",16.21,1.67,2.24,4.01,10.74,SCG,SET,RESOURC,ENERG
4Q2555,"1,031.08",-31.18,187.24,62.79,0.07,1.01,2.72,95.55,4.38,6.09,1.64,-653.56,7.10,"6,780.50",28.97,3.04,2.33,2.11,14.41,SCG,SET,RESOURC,ENERG
1Q2556,"1,088.26",38.80,43.78,85.93,0.09,1.37,3.60,96.96,3.02,7.90,1.60,-805.41,5.95,"5,682.25",20.98,2.48,2.40,3.03,12.27,SCG,SET,RESOURC,ENERG
2Q2556,"1,134.24",-18.77,30.20,71.68,0.07,1.14,3.01,95.98,3.56,6.32,1.70,-808.02,5.00,"4,775.00",16.05,2.01,2.49,3.60,10.83,SCG,SET,RESOURC,ENERG
3Q2556,"1,169.93",11.93,-13.14,82.33,0.08,1.30,3.47,96.62,3.18,7.04,1.63,-625.89,4.10,"3,915.50",12.47,1.72,2.39,4.39,9.41,SCG,SET,RESOURC,ENERG
4Q2556,"1,167.88",-4.21,20.88,77.86,0.08,1.24,3.18,95.07,3.29,6.67,1.52,-606.44,4.48,"4,278.40",14.03,1.81,2.47,4.02,9.18,SCG,SET,RESOURC,ENERG
1Q2557,"1,129.45",-25.00,-34.68,59.41,0.06,0.93,2.36,96.20,3.56,5.26,1.54,-409.68,4.94,"4,717.70",14.98,1.94,2.55,4.05,9.92,SCG,SET,RESOURC,ENERG
2Q2557,"1,197.21",-16.67,-32.99,42.73,0.05,0.66,1.73,95.95,3.84,3.57,1.68,-187.86,4.96,"4,736.80",16.50,1.90,2.61,4.03,10.24,SCG,SET,RESOURC,ENERG
3Q2557,"1,213.21",40.00,-16.19,68.56,0.07,1.07,2.82,96.48,3.49,5.65,1.60,-178.18,7.00,"6,685.00",25.68,2.85,2.46,2.86,12.45,SCG,SET,RESOURC,ENERG
4Q2557,"1,174.64",-28.57,-37.50,41.67,0.05,0.65,1.67,97.01,2.88,3.55,1.54,-56.19,6.30,"6,016.50",24.27,2.49,2.53,3.17,11.81,SCG,SET,RESOURC,ENERG
1Q2558,"1,094.40",-60.00,-66.67,21.64,0.02,0.34,0.86,96.47,3.49,1.98,1.47,-46.84,6.05,"5,777.75",26.22,2.34,2.58,2.98,11.90,SCG,SET,RESOURC,ENERG
2Q2558,766.16,,,-89.28,-0.09,-1.47,-3.72,89.18,6.14,-11.65,1.61,-16.22,5.95,"5,682.25",31.02,2.28,2.60,3.03,14.50,SCG,SET,RESOURC,ENERG
3Q2558,"1,171.45",,100.00,128.37,0.14,2.08,5.50,85.20,3.28,10.96,1.67,-82.13,5.65,"5,395.75",101.79,2.42,2.33,3.19,13.36,SCG,SET,RESOURC,ENERG
4Q2558,"1,049.96",,,-16.34,-0.01,-0.26,-0.68,95.80,4.16,-1.56,1.59,-58.15,5.10,"4,870.50",43.18,2.06,2.47,3.53,13.40,SCG,SET,RESOURC,ENERG
1Q2559,942.93,,50.00,25.66,0.03,0.41,1.07,95.62,3.63,2.72,1.62,-52.39,5.00,"4,775.00",76.97,2.03,2.47,2.00,13.17,SCG,SET,RESOURC,ENERG
2Q2559,"1,000.92",33.33,,29.25,0.04,0.46,1.23,96.47,3.51,2.92,1.74,-86.52,4.94,"4,717.70",68.91,1.98,2.49,2.02,11.06,SCG,SET,RESOURC,ENERG
3Q2559,"1,035.83",0.00,-71.43,44.91,0.04,0.69,1.90,96.31,3.60,4.34,1.81,-133.47,4.90,"4,679.50",24.62,2.02,2.43,2.04,12.90,SCG,SET,RESOURC,ENERG
4Q2559,993.20,50.00,,59.68,0.06,0.88,2.47,95.57,4.45,6.01,1.79,-145.21,4.88,"4,660.40",45.94,2.00,2.44,2.05,11.56,SCG,SET,RESOURC,ENERG
1Q2560,948.33,66.67,233.33,95.82,0.10,1.37,3.85,95.92,3.42,10.10,1.80,-162.46,4.84,"4,622.20",28.08,1.93,2.50,2.89,10.73,SCG,SET,RESOURC,ENERG
2Q2560,"1,014.41",-20.00,100.00,80.87,0.08,1.13,3.22,96.34,3.42,7.97,1.90,-153.55,4.74,"4,526.70",19.89,1.82,2.60,2.95,10.52,SCG,SET,RESOURC,ENERG
3Q2560,"1,059.22",0.00,100.00,83.27,0.08,1.16,3.30,96.95,3.03,7.86,1.80,-151.49,4.82,"4,603.10",17.05,1.90,2.54,2.90,9.79,SCG,SET,RESOURC,ENERG
4Q2560,"1,015.04",-37.50,-16.67,48.17,0.05,0.67,1.86,95.91,3.97,4.75,1.74,-279.79,4.84,"4,622.20",14.88,1.84,2.63,2.89,9.54,SCG,SET,RESOURC,ENERG
1Q2561,933.29,0.00,-50.00,49.74,0.05,0.70,1.89,95.90,3.61,5.33,1.67,-289.55,4.86,"4,641.30",15.50,1.82,2.68,3.09,9.78,SCG,SET,RESOURC,ENERG
2Q2561,"1,047.65",20.00,-25.00,60.14,0.06,0.85,2.30,96.12,3.76,5.74,1.73,-421.20,4.60,"4,393.00",17.30,1.69,2.73,3.26,9.54,SCG,SET,RESOURC,ENERG
3Q2561,"1,123.36",16.67,-12.50,74.71,0.07,1.06,2.86,96.39,3.33,6.65,1.67,-443.03,4.58,"4,373.90",18.69,1.74,2.64,3.28,9.61,SCG,SET,RESOURC,ENERG
4Q2561,"1,103.53",-28.57,0.00,40.30,0.05,0.57,1.51,96.20,3.77,3.65,1.60,-443.29,4.38,"4,182.90",18.76,1.62,2.71,3.42,9.23,SCG,SET,RESOURC,ENERG
1Q2562,"1,096.82",0.00,0.00,51.82,0.05,0.75,1.91,96.50,3.27,4.72,1.52,-534.35,4.30,"4,106.50",19.10,1.57,2.75,2.79,9.10,SCG,SET,RESOURC,ENERG
2Q2562,"1,098.97",-20.00,-33.33,41.84,0.04,0.61,1.55,96.87,2.89,3.81,1.54,-563.54,4.28,"4,087.40",18.94,1.53,2.80,2.80,9.35,SCG,SET,RESOURC,ENERG
3Q2562,"1,080.38",25.00,-28.57,44.38,0.05,0.65,1.65,96.58,3.35,4.11,1.52,-418.44,3.98,"3,800.90",19.22,1.46,2.72,3.02,9.37,SCG,SET,RESOURC,ENERG
4Q2562,"1,050.62",-88.26,-88.26,11.85,0.01,0.17,0.44,96.20,3.71,1.13,1.48,-296.44,3.88,"3,705.40",21.96,1.40,2.76,3.09,9.54,SCG,SET,RESOURC,ENERG
1Q2563,"1,030.97",70.36,-80.00,13.01,0.01,0.19,0.48,96.08,3.39,1.26,1.58,-229.07,3.92,"3,743.60",,,,1.56,10.28,SCG,SET,RESOURC,ENERG
2Q2563,"1,008.13",100.00,-50.00,24.87,0.02,0.36,0.93,97.17,2.77,2.47,1.54,-81.25,3.98,"3,800.90",37.04,1.45,2.74,1.53,10.25,SCG,SET,RESOURC,ENERG
3Q2563,998.03,150.00,0.00,48.00,0.05,0.72,1.79,96.22,3.41,4.81,1.44,-95.87,3.68,"3,514.40",42.66,1.36,2.70,1.66,9.51,SCG,SET,RESOURC,ENERG
4Q2563,941.44,-40.00,411.07,31.33,0.03,0.47,1.15,97.03,3.20,3.33,1.42,-82.11,3.50,"3,342.50",39.41,1.27,2.75,1.74,8.66,SCG,SET,RESOURC,ENERG
1Q2564,979.84,129.47,588.40,68.54,0.07,1.05,2.47,96.70,3.13,7.00,1.29,22.98,3.82,"3,648.10",34.37,1.37,2.79,1.60,8.13,SCG,SET,RESOURC,ENERG
2Q2564,"1,033.86",-50.45,70.55,33.92,0.03,0.53,1.21,95.93,3.37,3.28,1.29,37.47,4.04,"3,858.20",23.96,1.41,2.86,1.51,8.23,SCG,SET,RESOURC,ENERG
3Q2564,"1,207.59",98.39,35.34,66.20,0.07,1.02,2.35,88.18,2.93,5.48,1.31,-133.71,5.10,"4,870.50",28.06,1.80,2.84,1.20,9.27,SCG,SET,RESOURC,ENERG
1Q2565,"1,308.05",,,-52.52,-0.05,-0.74,-1.55,96.83,2.95,-4.02,0.94,-269.61,5.10,"5,934.85",,,,1.20,10.60,SCG,SET,RESOURC,ENERG
2Q2565,"1,285.45",35.96,,-34.70,-0.03,-0.45,-0.89,96.77,3.06,-2.70,1.05,-356.56,5.00,"5,818.48",N/A,1.51,3.32,1.22,12.88,SCG,SET,RESOURC,ENERG
3Q2565,"1,635.46",-82.94,,-63.28,-0.06,-0.77,-1.66,96.08,2.63,-3.87,1.29,-630.73,4.90,"5,725.38",N/A,1.52,3.24,1.24,16.63,SCG,SET,RESOURC,ENERG
