,รายได้รวม,การเติบโตต่อไตรมาส (%),การเติบโตต่อปี (%),กำไรสุทธิ,กำไรต่อหุ้น (EPS),ROA (%),ROE (%),อัตรากำไรขั้นต้น (%),อัตราส่วนการขายและบริหารต่อรายได้ (%),อัตรากำไรสุทธิ (%),หนี้สิน/ทุน (เท่า),วงจรเงินสด (วัน),ราคาล่าสุด (บาท),มูลค่าหลักทรัพย์ตามราคาตลาด (ล้านบาท),P/E (เท่า),P/BV (เท่า),มูลค่าหุ้นทางบัญชีต่อหุ้น (บาท),อัตราส่วนเงินปันผลตอบแทน,EV / EBITDA,Symbol,Market,IndusGroup,BusinessGroup
1Q2555,584.44,,78.98,274.67,0.66,13.05,23.75,11.11,10.55,47.00,0.66,-580.95,8.95,"3,733.91",N/A,3.65,2.46,2.24,-4.25,SMT,SET,TECH,ETRON
2Q2555,615.92,,,-108.26,-0.26,-4.67,-8.72,88.29,6.82,-17.58,1.10,-737.03,8.25,"3,448.24",N/A,2.65,3.12,2.43,-3.67,SMT,SET,TECH,ETRON
3Q2555,"1,789.00",,"2,848.89",552.66,1.33,18.18,37.70,61.44,2.23,30.89,1.06,-904.11,11.70,"4,891.52",N/A,4.08,2.87,1.71,-8.51,SMT,SET,TECH,ETRON
4Q2555,"1,843.75",-97.66,,12.38,0.03,0.33,0.71,88.79,2.74,0.67,1.22,-925.47,11.00,"4,586.26",N/A,2.63,4.20,1.82,6.91,SMT,SET,TECH,ETRON
1Q2556,"2,301.19","2,241.94",9.34,302.45,0.73,7.55,15.83,81.20,2.15,13.14,0.99,"-1,086.53",10.60,"4,420.64",6.02,2.51,4.23,0.00,6.23,SMT,SET,TECH,ETRON
2Q2556,"1,936.26",,24.31,-82.05,-0.19,-2.08,-4.03,95.92,2.69,-4.24,0.88,-815.82,7.15,"2,989.97",3.92,1.45,4.95,0.00,4.28,SMT,SET,TECH,ETRON
3Q2556,"1,979.18",,-96.91,14.30,0.04,0.39,0.71,95.68,2.65,0.72,0.76,-515.68,7.00,"2,927.44",3.72,1.47,4.76,0.00,7.44,SMT,SET,TECH,ETRON
4Q2556,"1,884.00",,,-98.46,-0.23,-2.78,-5.00,95.72,3.98,-5.23,0.84,-251.29,7.50,"3,136.58",12.41,1.56,4.80,0.00,9.86,SMT,SET,TECH,ETRON
1Q2557,"2,090.49",,-92.15,21.63,0.06,0.60,1.12,93.98,2.39,1.03,0.94,-215.86,6.75,"2,823.04",19.57,1.48,4.55,0.00,22.72,SMT,SET,TECH,ETRON
2Q2557,"2,262.25",,44.04,-45.47,-0.11,-1.26,-2.38,97.75,2.16,-2.01,0.83,-313.20,7.00,"2,927.67",N/A,1.52,4.60,0.00,18.33,SMT,SET,TECH,ETRON
3Q2557,"2,258.18",-50.93,,-68.22,-0.16,-2.03,-3.67,97.25,2.20,-3.02,0.80,-420.66,6.60,"2,760.37",N/A,1.47,4.50,0.00,25.28,SMT,SET,TECH,ETRON
4Q2557,"2,461.22",68.83,77.82,-24.42,-0.05,-0.72,-1.35,98.36,2.09,-0.99,0.95,-621.80,6.50,"2,718.55",N/A,1.50,4.33,0.00,17.63,SMT,SET,TECH,ETRON
1Q2558,"2,493.73",82.28,,-5.20,-0.01,-0.15,-0.29,97.69,1.93,-0.21,0.90,-472.40,7.35,"3,074.05",N/A,1.72,4.28,0.00,21.07,SMT,SET,TECH,ETRON
2Q2558,"1,762.49",-244.44,71.30,-14.46,-0.03,-0.43,-0.81,97.33,3.03,-0.82,0.85,-389.67,11.70,"4,893.38",N/A,2.74,4.27,0.00,25.28,SMT,SET,TECH,ETRON
3Q2558,"1,720.74",-311.94,21.66,-53.91,-0.13,-1.61,-3.06,96.19,3.83,-3.13,0.97,-303.16,9.80,"4,098.73",N/A,2.31,4.24,0.00,22.05,SMT,SET,TECH,ETRON
4Q2558,"1,648.99",,,10.66,0.04,0.31,0.61,95.76,3.84,0.65,0.97,-97.72,9.45,"3,952.35",N/A,2.28,4.15,0.00,19.04,SMT,SET,TECH,ETRON
1Q2559,"1,226.82",27.43,,38.02,0.05,1.09,2.15,95.51,4.40,3.10,0.98,-44.65,13.60,"5,688.04",N/A,3.26,4.17,0.00,21.90,SMT,SET,TECH,ETRON
2Q2559,938.29,-15.22,,32.40,0.04,0.93,1.80,93.89,5.85,3.45,0.91,94.89,6.90,"5,771.68",N/A,3.24,2.13,0.00,18.90,SMT,SET,TECH,ETRON
3Q2559,662.71,0.76,,31.91,0.04,0.92,1.74,90.92,8.79,4.82,0.85,246.17,5.95,"4,977.03",159.25,2.74,2.17,0.00,13.39,SMT,SET,TECH,ETRON
4Q2559,729.36,,,-86.69,-0.11,-2.50,-4.78,88.35,9.07,-11.89,0.97,229.02,6.95,"5,813.51",49.68,3.14,2.21,0.00,18.07,SMT,SET,TECH,ETRON
1Q2560,533.12,,3.32,41.33,0.05,1.18,2.31,86.01,12.14,7.75,0.95,258.45,6.45,"5,395.27",416.54,3.05,2.11,0.00,16.22,SMT,SET,TECH,ETRON
2Q2560,470.26,,,-229.88,-0.28,-6.69,-13.54,81.76,16.03,-48.88,1.10,216.59,5.05,"4,224.20",297.84,2.34,2.16,0.00,30.86,SMT,SET,TECH,ETRON
3Q2560,468.10,95.82,,-7.24,-0.01,-0.22,-0.46,82.60,13.26,-1.55,1.06,188.15,4.30,"3,596.85",N/A,2.28,1.89,0.00,31.75,SMT,SET,TECH,ETRON
4Q2560,429.99,"-3,491.30",-285.51,-351.15,-0.41,-11.46,-25.06,79.97,18.15,-81.67,1.35,209.42,2.44,"2,041.00",N/A,1.30,1.88,0.00,-37.96,SMT,SET,TECH,ETRON
1Q2561,398.95,,-84.60,6.39,0.01,0.21,0.52,81.77,15.70,1.60,1.62,174.56,2.76,"2,308.67",N/A,1.89,1.46,0.00,-24.48,SMT,SET,TECH,ETRON
2Q2561,401.72,78.16,,13.12,0.01,0.43,1.06,84.39,13.32,3.27,1.30,173.89,2.04,"1,706.41",N/A,1.39,1.47,0.00,57.30,SMT,SET,TECH,ETRON
3Q2561,466.56,134.19,,21.76,0.03,0.76,1.73,86.82,11.24,4.66,1.25,157.62,2.28,"1,907.17",N/A,1.53,1.49,0.00,65.52,SMT,SET,TECH,ETRON
4Q2561,539.73,13.97,,30.66,0.03,1.06,2.38,84.69,12.91,5.68,1.24,155.90,1.89,"1,580.95",N/A,1.25,1.51,0.00,8.14,SMT,SET,TECH,ETRON
1Q2562,497.62,-33.84,214.60,18.09,0.02,0.62,1.38,85.58,13.19,3.63,1.18,148.60,2.08,"1,739.88",24.71,1.34,1.55,0.00,8.16,SMT,SET,TECH,ETRON
2Q2562,486.17,-52.96,-16.94,7.76,0.01,0.27,0.59,85.00,13.66,1.60,1.14,147.19,1.91,"1,597.67",19.17,1.21,1.57,0.00,7.87,SMT,SET,TECH,ETRON
3Q2562,381.91,,,-48.68,-0.06,-1.75,-3.73,81.40,17.06,-12.75,1.13,155.20,1.28,"1,070.69",13.40,0.81,1.58,0.00,7.76,SMT,SET,TECH,ETRON
4Q2562,444.73,58.72,,-19.04,-0.02,-0.69,-1.51,82.47,15.55,-4.28,1.25,164.01,1.17,978.68,86.77,0.77,1.53,0.00,8.51,SMT,SET,TECH,ETRON
1Q2563,396.47,-57.65,,-30.40,-0.04,-1.11,-2.47,80.49,17.96,-7.67,1.23,143.79,0.65,543.71,,,,0.00,8.61,SMT,SET,TECH,ETRON
2Q2563,500.42,,315.04,37.06,0.04,1.38,3.01,84.08,14.35,7.41,1.12,146.89,1.20,"1,003.78",N/A,0.83,1.45,0.00,9.22,SMT,SET,TECH,ETRON
3Q2563,513.00,17.39,,44.19,0.05,1.67,3.47,86.26,11.87,8.61,1.03,161.40,2.74,"2,291.95",N/A,1.83,1.49,0.00,10.46,SMT,SET,TECH,ETRON
4Q2563,535.26,-26.70,,32.56,0.04,1.24,2.48,84.48,13.07,6.08,0.98,192.13,2.66,"2,225.04",75.50,1.72,1.55,0.00,8.94,SMT,SET,TECH,ETRON
1Q2564,555.98,61.53,,51.81,0.06,1.97,3.82,88.95,10.74,9.32,0.90,250.47,4.42,"3,697.24",45.43,2.79,1.58,0.00,10.63,SMT,SET,TECH,ETRON
2Q2564,624.61,8.47,50.77,56.01,0.07,2.11,3.97,86.81,11.41,8.97,0.86,264.64,6.85,"5,729.88",35.06,4.16,1.65,0.00,14.66,SMT,SET,TECH,ETRON
3Q2564,551.01,1.71,30.63,56.50,0.07,2.10,3.83,84.77,13.01,10.25,0.79,293.07,5.70,"4,767.93",26.14,3.32,1.72,0.00,12.34,SMT,SET,TECH,ETRON
4Q2564,508.34,-18.77,44.76,45.91,0.06,1.68,2.98,84.29,14.83,9.03,0.75,336.87,6.50,"5,437.19",27.74,3.62,1.79,0.00,14.62,SMT,SET,TECH,ETRON
1Q2565,607.13,22.78,10.04,56.92,0.07,2.06,3.54,87.20,11.54,9.38,0.69,390.15,4.82,"4,056.14",,,,1.04,11.38,SMT,SET,TECH,ETRON
2Q2565,696.31,25.11,26.91,71.38,0.08,2.53,4.32,88.71,10.55,10.25,0.72,448.78,4.18,"3,534.40",16.42,2.16,1.94,1.19,9.92,SMT,SET,TECH,ETRON
3Q2565,851.78,44.45,80.24,103.40,0.12,3.65,6.00,84.35,8.82,12.14,0.57,469.25,4.22,"3,636.19",15.77,2.18,1.98,1.16,8.79,SMT,SET,TECH,ETRON
