,รายได้รวม,การเติบโตต่อไตรมาส (%),การเติบโตต่อปี (%),กำไรสุทธิ,กำไรต่อหุ้น (EPS),ROA (%),ROE (%),อัตรากำไรขั้นต้น (%),อัตราส่วนการขายและบริหารต่อรายได้ (%),อัตรากำไรสุทธิ (%),หนี้สิน/ทุน (เท่า),วงจรเงินสด (วัน),ราคาล่าสุด (บาท),มูลค่าหลักทรัพย์ตามราคาตลาด (ล้านบาท),P/E (เท่า),P/BV (เท่า),มูลค่าหุ้นทางบัญชีต่อหุ้น (บาท),อัตราส่วนเงินปันผลตอบแทน,EV / EBITDA,Symbol,Market,IndusGroup,BusinessGroup
1Q2555,141.33,,,4.12,0.02,0.60,1.76,85.51,14.35,2.91,1.94,87.28,,,,,,,,TMC,mai,INDUS,-
2Q2555,295.45,"1,300.00",,54.97,0.28,7.82,20.80,92.69,7.25,18.61,1.43,70.13,,,,,,,,TMC,mai,INDUS,-
3Q2555,288.27,-10.71,,50.73,0.25,7.21,16.00,96.14,3.81,17.60,1.04,68.98,,,,,,,,TMC,mai,INDUS,-
4Q2555,280.22,-72.00,,25.70,0.07,3.09,5.02,79.96,19.37,9.17,0.42,36.43,7.50,"2,175.00",18.44,0.00,0.00,0.00,10.33,TMC,mai,INDUS,-
1Q2556,170.07,-14.29,200.00,16.13,0.06,1.65,2.33,81.46,17.26,9.48,0.40,59.51,7.35,"2,131.50",15.73,3.12,2.35,2.86,9.23,TMC,mai,INDUS,-
2Q2556,268.45,-57.55,-90.90,8.66,0.03,0.85,1.25,86.90,12.21,3.22,0.55,110.04,5.95,"1,725.50",11.70,2.45,2.43,3.53,10.74,TMC,mai,INDUS,-
3Q2556,176.32,,,-6.53,-0.02,-0.57,-0.97,81.93,18.22,-3.70,0.84,157.83,4.58,"1,328.20",13.12,1.96,2.34,4.59,16.33,TMC,mai,INDUS,-
4Q2556,176.19,-69.73,,-11.59,-0.04,-0.94,-1.74,72.75,26.44,-6.58,0.87,240.23,3.90,"1,131.00",25.32,1.68,2.32,5.38,24.52,TMC,mai,INDUS,-
1Q2557,157.22,-109.21,,-22.67,-0.08,-1.88,-3.48,75.04,23.91,-14.42,0.85,253.57,3.70,"1,073.00",149.77,1.62,2.28,1.08,76.46,TMC,mai,INDUS,-
2Q2557,121.56,1.58,,-23.37,-0.08,-1.93,-3.76,61.02,36.30,-19.22,1.05,261.78,3.62,"1,049.80",N/A,1.64,2.20,1.10,-97.70,TMC,mai,INDUS,-
3Q2557,133.88,16.10,-193.21,-19.16,-0.07,-1.53,-3.22,70.23,29.89,-14.31,1.16,246.06,3.76,"1,090.40",N/A,1.81,2.08,1.06,-64.46,TMC,mai,INDUS,-
4Q2557,247.85,,,14.78,0.05,1.19,2.49,81.78,15.40,5.96,1.02,246.92,3.44,997.60,N/A,1.71,2.01,1.16,-735.23,TMC,mai,INDUS,-
1Q2558,142.54,,-75.78,-40.78,-0.14,-3.48,-7.01,69.99,28.85,-28.61,1.01,234.31,3.06,887.40,N/A,1.47,2.08,0.00,-70.85,TMC,mai,INDUS,-
2Q2558,160.04,40.62,-6.05,-24.21,-0.08,-2.10,-4.41,76.44,21.79,-15.13,1.19,231.88,2.32,672.80,N/A,1.20,1.94,0.00,-72.36,TMC,mai,INDUS,-
3Q2558,135.30,10.37,-13.29,-21.70,-0.07,-1.85,-4.12,79.98,19.12,-16.04,1.26,255.22,2.40,696.00,N/A,1.29,1.85,0.00,-56.13,TMC,mai,INDUS,-
4Q2558,132.80,,54.95,21.25,0.08,1.86,3.53,48.67,27.35,16.00,0.63,261.69,1.86,674.25,N/A,1.31,1.78,0.00,-69.64,TMC,mai,INDUS,-
1Q2559,71.97,,21.77,-38.33,-0.11,-3.42,-5.74,60.61,38.98,-53.26,0.73,300.06,2.30,833.75,N/A,1.21,1.90,0.00,-84.33,TMC,mai,INDUS,-
2Q2559,154.56,63.64,52.10,-17.47,-0.04,-1.58,-2.72,84.61,15.26,-11.30,0.72,320.06,3.60,"1,305.09",N/A,2.01,1.79,0.00,-176.93,TMC,mai,INDUS,-
3Q2559,80.08,-75.00,6.47,-23.09,-0.07,-2.14,-3.71,77.02,22.72,-28.83,0.75,330.14,1.88,684.47,N/A,1.08,1.75,0.00,-95.20,TMC,mai,INDUS,-
4Q2559,89.74,-514.29,,-157.80,-0.43,-15.82,-29.69,64.04,35.49,-175.84,1.05,316.32,1.94,706.31,N/A,1.16,1.68,0.00,-7.66,TMC,mai,INDUS,-
1Q2560,88.34,,,3.61,0.01,0.38,0.80,45.52,25.59,4.09,1.10,274.96,1.66,604.38,N/A,1.34,1.24,0.00,-9.92,TMC,mai,INDUS,-
2Q2560,111.75,,25.00,-11.26,-0.03,-1.19,-2.50,77.91,20.58,-10.08,1.11,284.73,1.61,586.18,N/A,1.29,1.25,0.00,-10.20,TMC,mai,INDUS,-
3Q2560,80.15,-66.67,28.57,-17.21,-0.05,-1.84,-3.95,73.30,25.19,-21.48,1.18,258.65,1.60,582.55,N/A,1.31,1.22,0.00,-10.87,TMC,mai,INDUS,-
4Q2560,106.47,20.00,90.70,-16.48,-0.04,-1.76,-3.31,81.31,18.16,-15.48,0.66,268.54,1.50,688.16,N/A,1.61,1.17,0.00,172.09,TMC,mai,INDUS,-
1Q2561,96.15,50.00,,-8.83,-0.02,-0.95,-1.57,79.71,19.07,-9.18,0.63,302.38,1.14,523.00,N/A,0.92,1.24,0.00,-84.69,TMC,mai,INDUS,-
2Q2561,105.00,-200.00,-100.00,-26.86,-0.06,-3.04,-4.92,70.29,29.46,-25.58,0.61,242.10,0.81,371.61,N/A,0.66,1.22,0.00,-36.22,TMC,mai,INDUS,-
3Q2561,90.40,16.67,0.00,-21.76,-0.05,-2.56,-4.17,72.15,25.81,-24.07,0.65,202.69,0.97,445.01,N/A,0.84,1.16,0.00,-31.67,TMC,mai,INDUS,-
4Q2561,58.07,60.00,50.00,-10.70,-0.02,-1.27,-2.12,72.08,27.60,-18.43,0.68,207.27,0.78,357.84,N/A,0.70,1.11,0.00,-28.90,TMC,mai,INDUS,-
1Q2562,136.89,-50.00,-50.00,-15.54,-0.03,-1.88,-3.16,80.76,19.06,-11.35,0.68,142.46,0.71,325.73,N/A,0.65,1.09,0.00,-22.42,TMC,mai,INDUS,-
2Q2562,118.70,-37.03,31.48,-17.09,-0.04,-2.06,-3.65,82.21,17.32,-14.40,0.88,126.45,0.65,298.20,N/A,0.62,1.06,0.00,-25.16,TMC,mai,INDUS,-
3Q2562,137.96,83.58,86.50,-3.10,-0.01,-0.36,-0.69,86.08,13.57,-2.25,0.96,95.84,0.62,284.44,N/A,0.63,0.98,0.00,-76.97,TMC,mai,INDUS,-
4Q2562,150.63,-657.33,-155.60,-23.45,-0.05,-2.67,-5.38,86.36,13.36,-15.57,1.08,13.25,0.49,224.80,N/A,0.50,0.98,0.00,-41.01,TMC,mai,INDUS,-
1Q2563,40.74,-20.50,-105.33,-28.26,-0.06,-3.43,-6.89,53.44,46.19,-69.37,0.94,42.77,0.30,137.63,N/A,0.32,0.92,0.00,-17.83,TMC,mai,INDUS,-
2Q2563,64.86,53.08,29.70,-13.26,-0.03,-1.71,-3.41,71.54,28.27,-20.44,1.06,43.57,0.54,247.74,N/A,0.63,0.86,0.00,-26.44,TMC,mai,INDUS,-
3Q2563,78.92,-56.54,-570.22,-20.75,-0.05,-2.62,-5.58,78.13,21.68,-26.29,1.20,49.67,0.60,275.26,N/A,0.72,0.83,0.00,-16.30,TMC,mai,INDUS,-
4Q2563,126.78,,,8.42,0.02,1.11,2.30,77.35,13.47,6.64,0.96,84.02,0.71,325.73,N/A,0.90,0.79,0.00,-60.23,TMC,mai,INDUS,-
1Q2564,45.43,,37.63,-17.62,-0.04,-2.44,-4.88,56.62,39.90,-38.79,1.04,70.90,1.12,513.83,N/A,1.39,0.81,0.00,-383.86,TMC,mai,INDUS,-
2Q2564,63.93,27.88,4.12,-12.72,-0.03,-1.77,-3.67,62.55,33.42,-19.89,1.11,77.02,1.02,467.95,N/A,1.33,0.77,0.00,-260.68,TMC,mai,INDUS,-
3Q2564,66.81,36.56,61.14,-8.06,-0.02,-1.09,-2.40,72.27,22.85,-12.07,1.28,127.84,1.45,665.22,N/A,1.96,0.74,0.00,126.53,TMC,mai,INDUS,-
4Q2564,127.57,67.52,,-2.62,-0.01,-0.36,-0.79,83.70,13.24,-2.05,1.16,150.59,1.28,587.23,N/A,1.77,0.72,0.00,-236.05,TMC,mai,INDUS,-
1Q2565,71.65,-84.59,72.57,-4.83,-0.01,-0.68,-1.48,73.46,21.31,-6.75,1.20,168.24,1.24,568.88,N/A,1.73,0.72,0.00,105.91,TMC,mai,INDUS,-
2Q2565,92.51,,,1.32,0.00,0.19,0.41,76.32,18.83,1.43,1.11,183.36,1.16,532.18,N/A,1.64,0.71,0.00,38.34,TMC,mai,INDUS,-
3Q2565,111.14,"5,600.69",,75.32,0.16,10.45,20.77,65.12,20.96,67.77,0.88,80.27,1.66,779.92,N/A,2.40,0.71,0.00,10.53,TMC,mai,INDUS,-
