,รายได้รวม,การเติบโตต่อไตรมาส (%),การเติบโตต่อปี (%),กำไรสุทธิ,กำไรต่อหุ้น (EPS),ROA (%),ROE (%),อัตรากำไรขั้นต้น (%),อัตราส่วนการขายและบริหารต่อรายได้ (%),อัตรากำไรสุทธิ (%),หนี้สิน/ทุน (เท่า),วงจรเงินสด (วัน),ราคาล่าสุด (บาท),มูลค่าหลักทรัพย์ตามราคาตลาด (ล้านบาท),P/E (เท่า),P/BV (เท่า),มูลค่าหุ้นทางบัญชีต่อหุ้น (บาท),อัตราส่วนเงินปันผลตอบแทน,EV / EBITDA,Symbol,Market,IndusGroup,BusinessGroup
1Q2555,"2,413.21",58.33,,-29.39,-0.05,-0.28,-0.46,96.12,3.52,-1.22,0.69,"2,678.93",7.15,"4,315.05",18.51,0.68,10.51,0.00,15.55,TYCN,SET,INDUS,STEEL
2Q2555,"2,257.98",-800.00,,-270.93,-0.45,-2.58,-4.41,95.15,4.50,-12.00,0.72,"2,640.31",6.70,"4,043.48",79.44,0.63,10.47,0.00,67.11,TYCN,SET,INDUS,STEEL
3Q2555,"2,315.28",86.67,,-33.73,-0.06,-0.33,-0.56,96.23,3.44,-1.46,0.65,"2,983.51",0.00,"3,862.42",N/A,0.64,10.05,0.00,157.01,TYCN,SET,INDUS,STEEL
4Q2555,"2,475.47",-83.33,8.33,-67.38,-0.11,-0.66,-1.14,95.92,3.83,-2.72,0.79,"2,491.26",6.35,"3,832.25",N/A,0.64,9.99,0.00,"-5,110.40",TYCN,SET,INDUS,STEEL
1Q2556,"2,086.48",,,15.51,0.03,0.14,0.26,95.35,4.32,0.74,0.85,"2,205.99",5.60,"3,379.62",N/A,0.57,9.87,0.00,457.10,TYCN,SET,INDUS,STEEL
2Q2556,"2,922.89",,31.11,-181.59,-0.31,-1.69,-3.04,95.67,4.03,-6.21,0.74,"1,915.15",5.35,"3,228.75",N/A,0.53,10.16,0.00,77.53,TYCN,SET,INDUS,STEEL
3Q2556,"2,362.86",50.91,-153.63,-91.83,-0.15,-0.93,-1.57,96.14,3.65,-3.89,0.63,"1,622.57",4.40,"2,655.42",N/A,0.45,9.87,0.00,190.65,TYCN,SET,INDUS,STEEL
4Q2556,"1,846.12",-253.41,-388.93,-321.45,-0.54,-3.48,-5.70,95.79,4.09,-17.41,0.64,"1,477.01",3.56,"2,148.47",N/A,0.37,9.72,0.00,-33.95,TYCN,SET,INDUS,STEEL
1Q2557,"2,024.37",,200.00,56.66,0.09,0.63,1.03,95.43,3.62,2.80,0.63,"1,151.34",2.80,"1,689.81",N/A,0.30,9.19,0.00,-42.14,TYCN,SET,INDUS,STEEL
2Q2557,"1,935.66",,99.35,-3.96,-0.00,-0.04,-0.07,95.71,4.03,-0.20,0.57,"1,247.91",3.16,"1,907.07",N/A,0.34,9.28,0.00,121.94,TYCN,SET,INDUS,STEEL
3Q2557,"2,216.16",,,5.25,0.01,0.06,0.09,95.81,3.49,0.24,0.70,"1,327.92",4.62,"2,788.19",N/A,0.50,9.27,0.00,45.12,TYCN,SET,INDUS,STEEL
4Q2557,"2,238.21",,90.70,-26.03,-0.05,-0.28,-0.47,95.00,4.06,-1.16,0.64,"1,195.38",3.46,"2,088.12",N/A,0.37,9.28,0.00,13.53,TYCN,SET,INDUS,STEEL
1Q2558,"1,879.55",-20.00,,-38.07,-0.06,-0.43,-0.69,95.28,4.35,-2.03,0.58,"1,335.67",3.62,"2,184.68",67.67,0.39,9.24,0.00,16.88,TYCN,SET,INDUS,STEEL
2Q2558,"1,838.43",-295.00,"-11,750.00",-139.10,-0.24,-1.61,-2.57,95.35,4.45,-7.57,0.62,"1,188.99",3.78,"2,255.71",N/A,0.41,9.17,0.00,27.49,TYCN,SET,INDUS,STEEL
3Q2558,"1,877.08",31.22,,-97.81,-0.16,-1.15,-1.85,93.97,4.41,-5.21,0.59,"1,179.42",3.22,"1,921.53",N/A,0.36,8.94,0.00,53.07,TYCN,SET,INDUS,STEEL
4Q2558,"1,575.32",-77.91,-480.00,-169.99,-0.29,-2.19,-3.30,95.18,4.42,-10.79,0.42,"1,178.73",2.64,"1,575.42",N/A,0.30,8.79,0.00,-43.16,TYCN,SET,INDUS,STEEL
1Q2559,"1,708.74",,,17.21,0.03,0.24,0.34,95.15,4.60,1.01,0.45,947.70,2.94,"1,754.44",N/A,0.35,8.50,0.00,-234.49,TYCN,SET,INDUS,STEEL
2Q2559,"1,658.72",100.00,,36.66,0.06,0.49,0.72,95.27,4.64,2.21,0.45,904.63,3.00,"1,790.25",N/A,0.35,8.53,0.00,23.89,TYCN,SET,INDUS,STEEL
3Q2559,"1,481.40",16.67,,40.45,0.07,0.55,0.79,94.42,5.27,2.73,0.39,682.02,3.08,"1,837.99",N/A,0.36,8.59,0.00,11.36,TYCN,SET,INDUS,STEEL
4Q2559,"1,367.31",,86.21,-24.16,-0.04,-0.34,-0.47,93.99,5.76,-1.77,0.35,632.09,3.38,"2,017.01",N/A,0.39,8.66,0.00,7.69,TYCN,SET,INDUS,STEEL
1Q2560,"1,659.19",,100.00,35.97,0.06,0.52,0.70,94.88,4.79,2.17,0.34,684.27,3.72,"2,219.91",31.64,0.43,8.63,0.00,7.69,TYCN,SET,INDUS,STEEL
2Q2560,"1,652.22",,,-22.07,-0.04,-0.31,-0.43,95.06,4.78,-1.34,0.41,677.40,4.30,"2,566.02",28.86,0.50,8.69,0.00,10.14,TYCN,SET,INDUS,STEEL
3Q2560,"2,376.77",,57.14,60.85,0.11,0.81,1.17,95.82,3.83,2.56,0.49,738.08,4.00,"2,387.00",79.08,0.46,8.65,0.00,9.96,TYCN,SET,INDUS,STEEL
4Q2560,"1,847.52",72.73,,113.54,0.19,1.45,2.15,95.36,4.50,6.15,0.47,934.81,3.22,"1,921.53",37.98,0.37,8.75,0.00,7.32,TYCN,SET,INDUS,STEEL
1Q2561,"1,964.88",-98.42,-95.00,1.85,0.00,0.02,0.03,95.33,4.55,0.09,0.50,"1,137.98",3.24,"1,933.47",10.27,0.36,8.94,0.00,7.90,TYCN,SET,INDUS,STEEL
2Q2561,"2,599.58","1,800.00",,34.25,0.06,0.42,0.62,95.42,3.24,1.32,0.45,"1,256.42",2.64,"1,575.42",10.22,0.30,8.94,0.00,5.99,TYCN,SET,INDUS,STEEL
3Q2561,"2,650.56",-64.91,-81.82,10.25,0.02,0.13,0.18,96.65,3.20,0.39,0.40,"1,461.29",2.94,"1,754.44",8.34,0.33,8.99,0.00,6.70,TYCN,SET,INDUS,STEEL
4Q2561,"3,189.25",,,-81.81,-0.14,-1.00,-1.45,96.58,3.21,-2.57,0.49,"1,324.84",0.00,"1,611.22",10.08,0.30,9.00,0.00,9.37,TYCN,SET,INDUS,STEEL
1Q2562,"2,688.89",60.71,,-32.84,-0.06,-0.42,-0.60,96.93,3.01,-1.22,0.41,"1,193.49",2.70,"1,611.22",N/A,0.30,8.87,0.00,9.41,TYCN,SET,INDUS,STEEL
2Q2562,"2,289.00",-36.36,,-44.52,-0.07,-0.61,-0.85,96.02,3.84,-1.94,0.39,"1,173.76",2.98,"1,778.31",N/A,0.34,8.81,0.00,13.67,TYCN,SET,INDUS,STEEL
3Q2562,"2,127.39",-273.33,,-166.67,-0.28,-2.34,-3.25,96.08,3.65,-7.83,0.38,"1,082.03",2.58,"1,539.61",N/A,0.30,8.74,0.00,264.53,TYCN,SET,INDUS,STEEL
4Q2562,"2,471.50",-350.00,-800.00,-753.65,-1.26,-11.18,-16.14,96.14,3.70,-30.49,0.52,"1,107.03",2.22,"1,324.78",N/A,0.26,8.46,0.00,-5.40,TYCN,SET,INDUS,STEEL
1Q2563,"1,710.00",84.92,-245.45,-111.50,-0.19,-1.73,-2.63,95.40,4.18,-6.52,0.52,"1,324.86",0.00,907.06,,,,0.00,-4.06,TYCN,SET,INDUS,STEEL
2Q2563,"1,725.80",21.05,-100.00,-92.92,-0.15,-1.50,-2.24,96.16,3.68,-5.38,0.48,"1,548.24",1.87,"1,115.92",N/A,0.27,7.01,0.00,-4.07,TYCN,SET,INDUS,STEEL
3Q2563,"1,346.10",80.00,89.29,-18.50,-0.03,-0.29,-0.45,95.24,4.36,-1.37,0.61,"1,928.59",0.00,"1,181.56",N/A,0.29,6.86,0.00,-6.87,TYCN,SET,INDUS,STEEL
4Q2563,"1,228.35",-466.67,86.51,-98.13,-0.17,-1.52,-2.44,94.42,4.97,-7.99,0.59,"2,387.11",2.38,"1,420.26",N/A,0.35,6.83,0.00,113.04,TYCN,SET,INDUS,STEEL
1Q2564,"2,494.59",,,303.41,0.51,4.58,7.08,95.62,3.87,12.16,0.50,"2,208.88",2.68,"1,599.29",N/A,0.40,6.66,0.00,8.51,TYCN,SET,INDUS,STEEL
2Q2564,"2,753.59",-47.06,,163.65,0.27,2.23,3.50,96.21,3.65,5.94,0.64,"2,031.46",3.54,"2,112.49",38.78,0.50,7.11,0.00,6.78,TYCN,SET,INDUS,STEEL
3Q2564,"2,073.96",-55.56,,68.42,0.12,0.90,1.47,95.65,4.09,3.30,0.63,"1,986.18",4.32,"2,577.96",9.04,0.59,7.34,0.00,6.61,TYCN,SET,INDUS,STEEL
4Q2564,"1,771.50",,-58.82,-158.65,-0.27,-2.19,-3.52,93.83,5.54,-8.96,0.59,"1,914.37",3.58,"2,136.36",4.88,0.47,7.56,0.00,6.17,TYCN,SET,INDUS,STEEL
1Q2565,"2,251.15",,-58.82,123.78,0.21,1.69,2.74,94.02,4.57,5.50,0.65,"2,096.45",3.68,"2,196.04",,,,0.00,9.37,TYCN,SET,INDUS,STEEL
2Q2565,"2,734.39",-85.71,-88.89,17.19,0.03,0.23,0.38,96.02,3.72,0.63,0.58,"2,218.07",3.28,"1,957.34",8.27,0.44,7.45,0.00,11.85,TYCN,SET,INDUS,STEEL
3Q2565,"2,488.56",-33.33,-83.33,14.59,0.02,0.21,0.33,95.26,4.27,0.59,0.47,"1,970.48",2.84,"1,706.70",14.66,0.39,7.36,0.00,10.58,TYCN,SET,INDUS,STEEL
