,รายได้รวม,การเติบโตต่อไตรมาส (%),การเติบโตต่อปี (%),กำไรสุทธิ,กำไรต่อหุ้น (EPS),ROA (%),ROE (%),อัตรากำไรขั้นต้น (%),อัตราส่วนการขายและบริหารต่อรายได้ (%),อัตรากำไรสุทธิ (%),หนี้สิน/ทุน (เท่า),วงจรเงินสด (วัน),ราคาล่าสุด (บาท),มูลค่าหลักทรัพย์ตามราคาตลาด (ล้านบาท),P/E (เท่า),P/BV (เท่า),มูลค่าหุ้นทางบัญชีต่อหุ้น (บาท),อัตราส่วนเงินปันผลตอบแทน,EV / EBITDA,Symbol,Market,IndusGroup,BusinessGroup
1Q2555,"1,056.39",,-29.09,30.20,0.04,0.52,1.84,88.98,9.38,2.86,2.46,-396.73,1.92,"1,496.72",N/A,0.95,2.34,0.00,16.67,UNIQ,SET,PROPCON,CONS
2Q2555,682.44,61.56,80.03,49.27,0.06,0.82,2.85,79.04,16.75,7.22,2.51,-230.51,1.77,"1,379.78",N/A,0.81,2.19,0.00,16.70,UNIQ,SET,PROPCON,CONS
3Q2555,"1,412.11",245.96,269.47,170.22,0.22,2.80,9.25,71.39,9.30,12.05,2.11,-222.48,3.26,"2,541.30",454.78,1.45,2.25,0.00,12.95,UNIQ,SET,PROPCON,CONS
4Q2555,"1,493.71",-22.93,,130.58,0.17,2.13,6.56,70.14,8.98,8.74,2.04,-339.10,3.86,"3,009.02",22.02,1.56,2.47,0.00,9.58,UNIQ,SET,PROPCON,CONS
1Q2556,"1,003.10",-37.96,167.26,81.25,0.10,1.11,3.87,86.33,13.19,8.10,2.89,-402.23,8.20,"6,392.22",16.81,3.11,2.64,0.73,14.22,UNIQ,SET,PROPCON,CONS
2Q2556,"1,206.14",23.52,104.32,100.36,0.13,1.14,4.62,86.79,10.35,8.32,3.23,-425.63,8.05,"6,275.29",14.55,2.93,2.75,0.75,15.09,UNIQ,SET,PROPCON,CONS
3Q2556,"2,248.55",98.10,16.99,198.74,0.26,1.84,8.65,93.19,5.70,8.84,4.14,-605.59,7.35,"5,729.61",11.88,2.61,2.82,0.82,16.08,UNIQ,SET,PROPCON,CONS
4Q2556,"2,356.66",3.83,57.63,206.30,0.26,1.65,8.25,94.33,4.19,8.75,3.84,-958.38,6.40,"4,989.05",9.76,2.08,3.08,0.94,12.17,UNIQ,SET,PROPCON,CONS
1Q2557,"2,074.16",-40.24,51.84,123.37,0.16,0.90,4.74,93.01,6.47,5.95,4.69,"-1,159.46",6.80,"5,300.87",9.04,2.04,3.34,2.35,11.92,UNIQ,SET,PROPCON,CONS
2Q2557,"1,762.65",-29.85,-13.76,86.55,0.11,0.58,3.27,89.17,9.10,4.91,4.58,"-1,284.87",8.60,"6,704.04",10.66,2.58,3.34,1.86,11.58,UNIQ,SET,PROPCON,CONS
3Q2557,"2,405.20",90.11,-17.24,167.41,0.21,1.04,4.68,94.35,5.55,6.96,2.82,"-1,176.84",11.30,"10,868.37",17.67,4.04,3.45,1.15,13.42,UNIQ,SET,PROPCON,CONS
4Q2557,"1,958.14",-48.40,-58.88,124.94,0.11,0.73,2.47,89.06,8.50,6.38,2.07,-769.14,11.50,"12,431.69",21.30,2.78,4.64,1.00,14.05,UNIQ,SET,PROPCON,CONS
1Q2558,"2,131.75",30.08,-10.49,153.14,0.14,0.89,2.67,92.30,6.94,7.18,1.97,-496.28,13.80,"14,918.02",29.70,2.64,5.23,1.38,14.69,UNIQ,SET,PROPCON,CONS
2Q2558,"2,139.94",2.05,30.22,156.28,0.14,0.86,2.70,92.06,6.84,7.30,2.31,-483.53,16.20,"17,512.46",32.92,3.02,5.37,1.17,16.16,UNIQ,SET,PROPCON,CONS
3Q2558,"2,642.08",11.96,-23.31,174.98,0.16,0.97,2.99,93.48,5.45,6.62,1.90,-556.48,20.00,"21,620.33",35.93,3.76,5.32,0.95,17.08,UNIQ,SET,PROPCON,CONS
4Q2558,"3,269.07",30.30,93.67,228.39,0.21,1.26,3.78,92.50,6.11,6.99,2.08,-830.01,22.00,"23,782.36",39.03,4.01,5.49,0.86,17.83,UNIQ,SET,PROPCON,CONS
1Q2559,"2,429.18",-27.00,8.69,166.44,0.15,0.89,2.73,92.99,6.34,6.85,2.07,"-1,235.79",18.30,"19,782.60",27.76,3.21,5.70,1.48,15.30,UNIQ,SET,PROPCON,CONS
2Q2559,"2,502.87",8.07,15.09,179.87,0.17,0.92,2.94,92.24,6.50,7.19,2.31,"-1,453.18",17.10,"18,485.38",25.46,3.06,5.58,1.58,15.08,UNIQ,SET,PROPCON,CONS
3Q2559,"3,806.24",48.06,52.21,266.32,0.25,1.25,4.20,94.83,4.68,7.00,2.43,"-1,845.93",16.50,"17,836.77",23.79,2.87,5.75,1.64,14.56,UNIQ,SET,PROPCON,CONS
4Q2559,"3,926.86",1.66,18.75,270.74,0.25,1.18,4.09,93.50,5.39,6.89,2.52,"-2,196.30",19.80,"21,404.12",25.45,3.30,5.99,1.36,15.83,UNIQ,SET,PROPCON,CONS
1Q2560,"3,025.82",-21.75,27.28,211.84,0.20,0.87,3.17,92.69,6.70,7.00,2.74,"-2,384.04",17.20,"18,593.48",21.05,2.76,6.24,1.92,14.51,UNIQ,SET,PROPCON,CONS
2Q2560,"3,050.46",1.44,19.48,214.91,0.20,0.85,3.20,92.30,7.09,7.05,2.76,"-2,503.02",18.40,"19,890.70",21.42,3.01,6.11,1.79,14.59,UNIQ,SET,PROPCON,CONS
3Q2560,"3,120.40",1.43,-18.15,217.98,0.20,0.83,3.15,91.96,7.00,6.99,2.86,"-2,371.22",18.50,"19,998.80",20.75,2.93,6.31,1.78,14.73,UNIQ,SET,PROPCON,CONS
4Q2560,"3,478.43",12.56,-9.38,245.37,0.23,0.90,3.42,91.95,7.57,7.05,2.78,"-2,160.74",16.30,"17,620.56",19.25,2.50,6.51,2.02,13.67,UNIQ,SET,PROPCON,CONS
1Q2561,"2,861.84",-29.93,-18.84,171.92,0.16,0.60,2.39,91.08,8.53,6.01,3.15,"-1,863.37",13.00,"14,053.21",15.79,1.93,6.75,2.54,12.55,UNIQ,SET,PROPCON,CONS
2Q2561,"3,074.43",9.16,-12.67,187.68,0.17,0.65,2.60,92.09,7.45,6.10,2.88,"-1,609.08",11.00,"11,891.18",13.99,1.67,6.58,3.00,11.50,UNIQ,SET,PROPCON,CONS
3Q2561,"3,034.08",-1.41,-15.11,185.03,0.17,0.64,2.50,92.24,7.28,6.10,2.93,"-1,403.65",14.60,"15,782.84",19.18,2.16,6.75,2.26,13.12,UNIQ,SET,PROPCON,CONS
4Q2561,"4,012.96",36.19,2.71,251.97,0.23,0.86,3.31,93.78,5.70,6.28,2.79,"-1,245.56",9.60,"10,377.76",13.14,1.39,6.92,3.44,11.16,UNIQ,SET,PROPCON,CONS
1Q2562,"2,974.56",-28.54,4.74,180.08,0.17,0.59,2.35,92.43,6.93,6.05,3.14,"-1,001.10",9.85,"10,648.01",13.37,1.38,7.16,3.05,12.13,UNIQ,SET,PROPCON,CONS
2Q2562,"2,977.86",-1.34,-5.34,177.65,0.16,0.57,2.31,91.49,7.94,5.97,3.03,-686.91,11.80,"12,755.99",15.85,1.68,7.03,2.54,13.39,UNIQ,SET,PROPCON,CONS
3Q2562,"2,859.57",-2.07,-5.98,173.97,0.16,0.55,2.21,92.74,6.96,6.08,3.03,-563.31,9.40,"10,161.55",12.79,1.31,7.19,3.19,12.71,UNIQ,SET,PROPCON,CONS
4Q2562,"3,263.24",13.94,-21.35,198.22,0.18,0.61,2.46,94.37,5.82,6.07,3.03,-415.06,7.20,"7,783.32",9.93,0.98,7.35,4.17,11.91,UNIQ,SET,PROPCON,CONS
1Q2563,"2,647.12",-20.97,-13.01,156.65,0.14,0.46,1.94,91.96,7.27,5.92,3.33,-150.75,3.84,"4,151.10",,,,7.03,10.87,UNIQ,SET,PROPCON,CONS
2Q2563,"2,493.98",-68.14,-71.91,49.91,0.05,0.15,0.62,91.57,7.53,2.00,3.24,-99.16,5.20,"5,621.28",7.96,0.70,7.41,5.19,11.96,UNIQ,SET,PROPCON,CONS
3Q2563,"2,535.84",-87.61,-96.45,6.19,0.01,0.02,0.08,89.83,9.19,0.24,3.21,155.49,4.40,"4,756.47",8.22,0.59,7.46,6.14,12.17,UNIQ,SET,PROPCON,CONS
4Q2563,"3,214.29",26.92,-96.04,7.85,0.01,0.02,0.10,93.93,5.32,0.24,3.17,235.74,4.62,"4,994.30",12.15,0.62,7.46,5.84,13.21,UNIQ,SET,PROPCON,CONS
1Q2564,"2,588.52",-18.32,-95.91,6.42,0.01,0.02,0.08,92.69,6.90,0.25,3.24,-108.69,6.10,"6,594.20",29.89,0.82,7.44,0.00,15.24,UNIQ,SET,PROPCON,CONS
2Q2564,"2,594.09",-0.67,-87.24,6.36,0.01,0.02,0.08,93.05,6.46,0.24,3.42,-286.42,7.25,"7,837.37",111.42,0.97,7.45,0.00,16.40,UNIQ,SET,PROPCON,CONS
3Q2564,"2,797.22",16.30,19.76,7.41,0.01,0.02,0.09,92.63,6.59,0.26,3.75,-535.32,6.35,"6,864.45",256.05,0.85,7.45,0.00,16.54,UNIQ,SET,PROPCON,CONS
4Q2564,"3,020.31",2.63,-3.17,7.60,0.01,0.02,0.09,91.41,7.98,0.25,4.13,-711.69,6.50,"7,026.61",250.73,0.87,7.46,0.00,17.37,UNIQ,SET,PROPCON,CONS
1Q2565,"2,655.93",-17.50,-2.19,6.28,0.01,0.01,0.08,91.95,7.62,0.24,4.38,-652.72,5.40,"5,837.49",,,,0.00,18.09,UNIQ,SET,PROPCON,CONS
2Q2565,"3,505.88",137.07,133.45,14.85,0.01,0.03,0.18,67.22,5.46,0.42,4.71,-586.51,4.90,"5,296.98",191.62,0.66,7.46,0.00,17.31,UNIQ,SET,PROPCON,CONS
3Q2565,"2,359.27",-31.35,37.81,10.21,0.01,0.02,0.13,93.55,6.15,0.43,4.62,-366.13,4.44,"4,864.57",134.61,0.60,7.47,0.00,17.47,UNIQ,SET,PROPCON,CONS
