,รายได้รวม,การเติบโตต่อไตรมาส (%),การเติบโตต่อปี (%),กำไรสุทธิ,กำไรต่อหุ้น (EPS),ROA (%),ROE (%),อัตรากำไรขั้นต้น (%),อัตราส่วนการขายและบริหารต่อรายได้ (%),อัตรากำไรสุทธิ (%),หนี้สิน/ทุน (เท่า),วงจรเงินสด (วัน),ราคาล่าสุด (บาท),มูลค่าหลักทรัพย์ตามราคาตลาด (ล้านบาท),P/E (เท่า),P/BV (เท่า),มูลค่าหุ้นทางบัญชีต่อหุ้น (บาท),อัตราส่วนเงินปันผลตอบแทน,EV / EBITDA,Symbol,Market,IndusGroup,BusinessGroup
1Q2555,438.83,,,-23.40,-0.23,-1.11,-1.87,95.79,4.12,-5.33,0.69,"2,383.25",0.00,667.64,12.54,0.53,12.99,2.92,10.69,VARO,SET,INDUS,IMM
2Q2555,479.15,30.43,,-15.21,-0.16,-0.71,-1.24,96.04,3.86,-3.18,0.82,"2,255.21",5.50,549.46,47.71,0.44,9.95,3.55,14.67,VARO,SET,INDUS,IMM
3Q2555,443.62,-32.10,,-21.46,-0.21,-0.97,-1.79,95.07,4.77,-4.84,0.88,"2,152.68",6.50,649.36,N/A,0.54,12.09,3.00,23.33,VARO,SET,INDUS,IMM
4Q2555,428.71,53.33,,-9.46,-0.10,-0.42,-0.80,96.06,3.70,-2.21,0.94,"2,291.67",5.95,594.42,N/A,0.50,11.87,3.28,35.61,VARO,SET,INDUS,IMM
1Q2556,419.69,,,17.60,0.18,0.80,1.49,95.85,4.15,4.19,0.79,"2,293.70",6.00,599.41,N/A,0.51,11.78,0.00,17.12,VARO,SET,INDUS,IMM
2Q2556,367.85,,-205.64,-48.47,-0.49,-2.28,-4.15,94.72,5.04,-13.18,0.84,"2,378.05",5.00,499.51,N/A,0.42,11.94,0.00,23.78,VARO,SET,INDUS,IMM
3Q2556,346.74,27.81,-67.02,-35.27,-0.35,-1.74,-3.13,94.20,5.17,-10.17,0.76,"2,282.08",5.40,539.47,N/A,0.47,11.45,0.00,28.94,VARO,SET,INDUS,IMM
4Q2556,303.29,13.65,-209.04,-30.45,-0.30,-1.58,-2.79,94.21,5.32,-10.04,0.77,"2,038.46",4.68,467.54,N/A,0.42,11.10,0.00,44.61,VARO,SET,INDUS,IMM
1Q2557,370.22,90.16,,-3.27,-0.03,-0.17,-0.31,95.34,4.51,-0.88,0.86,"1,993.25",0.00,497.51,N/A,0.46,10.75,0.00,185.73,VARO,SET,INDUS,IMM
2Q2557,389.97,-111.10,87.05,-6.05,-0.06,-0.30,-0.57,94.92,4.86,-1.55,0.92,"1,936.77",9.00,899.12,N/A,0.84,10.72,0.00,38.29,VARO,SET,INDUS,IMM
3Q2557,398.00,,,8.44,0.08,0.41,0.79,95.44,4.59,2.12,0.89,"2,101.02",8.55,854.16,N/A,0.80,10.67,0.00,18.68,VARO,SET,INDUS,IMM
4Q2557,418.93,-52.63,,3.83,0.04,0.19,0.36,94.69,4.26,0.91,0.83,"2,194.23",0.00,899.12,N/A,0.84,10.75,0.00,13.32,VARO,SET,INDUS,IMM
1Q2558,403.76,,-85.10,-5.55,-0.06,-0.28,-0.52,94.92,4.40,-1.37,0.80,"2,196.03",8.05,804.21,273.19,0.75,10.79,0.00,12.58,VARO,SET,INDUS,IMM
2Q2558,427.94,,,0.21,0.00,0.01,0.02,93.55,4.47,0.05,0.70,"2,048.91",12.40,"1,238.79","1,846.84",1.16,10.73,0.00,14.56,VARO,SET,INDUS,IMM
3Q2558,328.13,,,-24.74,-0.25,-1.41,-2.33,94.12,5.78,-7.54,0.60,"1,813.09",8.40,839.18,121.08,0.78,10.73,0.00,14.46,VARO,SET,INDUS,IMM
4Q2558,347.41,,-34.43,2.59,0.03,0.16,0.25,93.62,5.80,0.74,0.54,"1,517.04",0.00,749.27,N/A,0.72,10.49,0.00,14.69,VARO,SET,INDUS,IMM
1Q2559,365.19,349.61,,11.63,0.12,0.70,1.10,93.00,6.25,3.18,0.61,"1,296.81",5.80,579.43,N/A,0.55,10.51,0.00,11.40,VARO,SET,INDUS,IMM
2Q2559,411.74,126.57,"12,394.79",26.42,0.26,1.56,2.46,95.11,4.79,6.42,0.55,"1,278.48",7.20,719.30,N/A,0.68,10.63,0.00,10.09,VARO,SET,INDUS,IMM
3Q2559,330.13,,39.62,-15.02,-0.15,-0.90,-1.39,94.18,5.77,-4.55,0.55,"1,339.65",6.85,684.33,43.06,0.63,10.89,0.00,9.31,VARO,SET,INDUS,IMM
4Q2559,359.95,69.42,,-4.57,-0.05,-0.27,-0.43,95.68,4.15,-1.27,0.60,"1,642.21",6.40,639.37,24.96,0.60,10.74,0.00,9.49,VARO,SET,INDUS,IMM
1Q2560,441.91,,94.96,22.66,0.23,1.27,2.10,95.23,4.66,5.13,0.69,"1,882.29",8.90,889.13,48.17,0.83,10.71,1.35,11.53,VARO,SET,INDUS,IMM
2Q2560,429.93,20.41,3.61,27.76,0.27,1.55,2.52,94.66,4.11,6.46,0.57,"2,034.88",7.55,754.26,25.57,0.69,10.94,1.59,9.54,VARO,SET,INDUS,IMM
3Q2560,322.92,,-180.13,-42.31,-0.42,-2.38,-3.89,94.99,5.56,-13.10,0.70,"2,213.33",0.00,804.21,26.08,0.73,11.09,1.49,13.65,VARO,SET,INDUS,IMM
4Q2560,373.74,,,3.58,0.04,0.19,0.34,95.27,4.23,0.96,0.77,"2,363.28",0.00,709.31,200.40,0.67,10.67,1.69,12.61,VARO,SET,INDUS,IMM
1Q2561,471.84,560.95,13.19,25.65,0.26,1.38,2.37,93.82,4.61,5.44,0.67,"2,365.95",0.00,704.31,60.24,0.66,10.71,2.84,10.77,VARO,SET,INDUS,IMM
2Q2561,497.52,,,-21.98,-0.22,-1.13,-2.05,90.37,4.57,-4.42,0.94,"2,413.03",0.00,704.31,47.97,0.64,10.96,2.84,19.75,VARO,SET,INDUS,IMM
3Q2561,491.77,,,36.85,0.37,1.82,3.44,92.72,4.16,7.49,0.85,"2,467.72",0.00,719.30,N/A,0.68,10.54,2.78,9.70,VARO,SET,INDUS,IMM
4Q2561,339.31,,,-12.93,-0.13,-0.66,-1.19,107.10,5.86,-3.81,0.75,"2,386.97",0.00,739.28,16.76,0.68,10.91,2.70,10.24,VARO,SET,INDUS,IMM
1Q2562,364.40,-146.15,,-32.18,-0.32,-1.72,-3.03,94.07,5.56,-8.83,0.77,"2,467.28",0.00,664.35,24.08,0.62,10.78,2.56,16.38,VARO,SET,INDUS,IMM
2Q2562,403.19,-68.75,-149.10,-53.91,-0.54,-3.07,-5.33,91.24,8.26,-13.37,0.70,"2,013.26",0.00,699.31,N/A,0.67,10.46,2.43,25.77,VARO,SET,INDUS,IMM
3Q2562,393.80,40.74,,-31.61,-0.32,-1.83,-3.29,94.41,5.50,-8.03,0.91,"1,816.38",0.00,679.33,N/A,0.70,9.78,2.50,-117.72,VARO,SET,INDUS,IMM
4Q2562,411.89,3.08,-138.57,-31.16,-0.31,-1.77,-3.35,94.82,5.09,-7.57,0.88,"1,641.62",0.00,649.36,N/A,0.69,9.46,2.62,-54.08,VARO,SET,INDUS,IMM
1Q2563,301.40,-4.44,-1.23,-32.36,-0.32,-1.96,-3.61,91.63,6.97,-10.74,0.80,"1,437.62",0.00,599.41,,,,0.00,-57.78,VARO,SET,INDUS,IMM
2Q2563,207.36,-16.18,30.31,-37.59,-0.38,-2.48,-4.36,92.54,7.07,-18.13,0.71,"1,669.28",3.88,387.62,N/A,0.44,8.82,0.00,-102.19,VARO,SET,INDUS,IMM
3Q2563,169.16,-30.28,-53.21,-48.98,-0.49,-3.31,-5.98,91.14,8.58,-28.95,0.90,"1,792.72",4.00,399.61,N/A,0.47,8.44,0.00,-34.90,VARO,SET,INDUS,IMM
4Q2563,349.38,61.35,38.90,-19.27,-0.19,-1.22,-2.45,94.55,5.05,-5.52,1.12,"1,843.66",3.56,355.65,N/A,0.45,7.95,0.00,-50.92,VARO,SET,INDUS,IMM
1Q2564,521.82,77.38,86.77,-4.28,-0.04,-0.24,-0.55,94.98,4.66,-0.82,1.49,"1,946.27",3.62,361.65,N/A,0.47,7.77,0.00,"-1,462.68",VARO,SET,INDUS,IMM
2Q2564,566.42,,,17.04,0.17,0.87,2.18,97.06,2.76,3.01,1.54,"2,313.92",4.46,445.56,N/A,0.58,7.73,0.00,29.17,VARO,SET,INDUS,IMM
3Q2564,618.60,,45.97,-26.46,-0.26,-1.21,-3.41,96.36,3.24,-4.28,2.11,"2,722.80",4.70,469.54,N/A,0.59,7.90,0.00,25.31,VARO,SET,INDUS,IMM
4Q2564,880.71,,,17.58,0.18,0.67,2.28,96.78,2.92,2.00,2.64,"3,021.70",0.00,469.54,N/A,0.62,7.64,0.00,21.18,VARO,SET,INDUS,IMM
1Q2565,"1,084.16",99.22,,35.02,0.35,1.26,4.39,97.60,2.18,3.23,2.33,"3,499.64",5.00,499.51,,,,0.00,15.05,VARO,SET,INDUS,IMM
2Q2565,"1,024.19",,,-33.33,-0.33,-1.21,-4.17,97.63,2.30,-3.25,2.55,"3,575.60",10.50,"1,058.96",24.53,1.30,8.16,0.00,26.63,VARO,SET,INDUS,IMM
3Q2565,965.96,-79.28,-125.80,-59.75,-0.60,-2.26,-7.19,97.09,2.57,-6.19,1.85,"3,377.47",8.00,804.21,N/A,1.03,7.83,0.00,25.40,VARO,SET,INDUS,IMM
